% start	end	CellId	IMSI	RNTI	LCID	nTxPDUs	TxBytes	nRxPDUs	RxBytes	delay	stdDev	min	max	PduSize	stdDev	min	max
0	1	3	1	39	4	144	6624	67	3082	0.0357631	0.0228298	0.0057487	0.101804	46	0	46	46	
0	1	1	2	1	4	148	6808	60	2760	0.0179536	0.0280437	0.0030106	0.110885	46	0	46	46	
0	1	3	3	20	4	146	6716	68	3128	0.036577	0.023253	0.00555843	0.107033	46	0	46	46	
0	1	6	4	1	4	148	6808	25	1150	0.0366426	0.0450902	0.00309294	0.135076	46	0	46	46	
0	1	1	5	2	4	148	6808	73	3358	0.00985969	0.00204373	0.00306668	0.010994	46	0	46	46	
0	1	6	6	2	4	146	6716	72	3312	0.00868157	0.00303773	0.00333868	0.0109755	46	0	46	46	
0	1	3	7	3	4	146	6716	69	3174	0.0407065	0.0236112	0.00370088	0.10943	46	0	46	46	
0	1	3	8	29	4	144	6624	71	3266	0.0375647	0.0219135	0.0101851	0.103987	46	0	46	46	
0	1	3	9	19	4	146	6716	71	3266	0.0320571	0.0152775	0.00767526	0.0654573	46	0	46	46	
0	1	3	10	5	4	146	6716	41	1886	0.0684821	0.038397	0.0124093	0.149465	46	0	46	46	
0	1	5	11	3	4	146	6716	73	3358	0.00698503	0.00361271	0.00367222	0.0131831	46	0	46	46	
0	1	5	12	4	4	148	6808	73	3358	0.00790804	0.00355053	0.00303522	0.0128173	46	0	46	46	
0	1	3	13	31	4	146	6716	63	2898	0.0364167	0.0184634	0.00762118	0.0779844	46	0	46	46	
0	1	3	14	34	4	144	6624	69	3174	0.044771	0.031601	0.0101268	0.148291	46	0	46	46	
0	1	3	15	8	4	148	6808	72	3312	0.0493241	0.0293728	0.00308567	0.122287	46	0	46	46	
0	1	8	16	3	4	148	6808	8	368	0.0290986	0.0429513	0.00365306	0.103399	46	0	46	46	
0	1	8	17	2	4	148	6808	73	3358	0.00697356	0.00343776	0.00305538	0.0109101	46	0	46	46	
0	1	5	18	2	4	148	6808	73	3358	0.00755179	0.0034867	0.0031137	0.0158958	46	0	46	46	
0	1	3	19	41	4	148	6808	21	966	0.0470775	0.0381614	0.00347043	0.104468	46	0	46	46	
0	1	9	20	1	4	146	6716	72	3312	0.0105348	0.000272507	0.0100189	0.0109995	46	0	46	46	
0	1	4	21	1	4	148	6808	73	3358	0.00997431	0.00185285	0.0031823	0.0109813	46	0	46	46	
0	1	13	22	2	4	148	6808	43	1978	0.0814397	0.0469231	0.0032711	0.190746	46	0	46	46	
0	1	4	23	5	4	148	6808	74	3404	0.003689	0.00128647	0.0030112	0.0109942	46	0	46	46	
0	1	4	24	3	4	146	6716	73	3358	0.00417392	0.0015912	0.00303279	0.0107786	46	0	46	46	
0	1	3	25	37	4	144	6624	70	3220	0.0437955	0.0314968	0.00691517	0.150535	46	0	46	46	
0	1	3	26	23	4	148	6808	53	2438	0.0736301	0.0461422	0.0158258	0.187133	46	0	46	46	
0	1	3	27	2	4	148	6808	44	2024	0.0618623	0.0429603	0.00344201	0.153389	46	0	46	46	
0	1	3	28	28	4	146	6716	59	2714	0.0326635	0.0207536	0.00412359	0.0929783	46	0	46	46	
0	1	3	29	40	4	146	6716	51	2346	0.0318915	0.0355235	0.00316738	0.119003	46	0	46	46	
0	1	4	30	4	4	148	6808	73	3358	0.00857499	0.00352428	0.00317484	0.0130828	46	0	46	46	
0	1	3	31	24	4	148	6808	71	3266	0.0402353	0.0295542	0.00392846	0.125272	46	0	46	46	
0	1	3	32	22	4	148	6808	70	3220	0.0358667	0.0251475	0.00359112	0.122756	46	0	46	46	
0	1	3	33	38	4	144	6624	47	2162	0.0562339	0.0379602	0.0120368	0.158691	46	0	46	46	
0	1	3	34	4	4	146	6716	40	1840	0.0414934	0.0266637	0.00323275	0.107741	46	0	46	46	
0	1	2	35	1	4	148	6808	73	3358	0.00847389	0.00307237	0.00330336	0.0118482	46	0	46	46	
0	1	10	36	1	4	148	6808	49	2254	0.0932912	0.0508321	0.00300394	0.190694	46	0	46	46	
0	1	2	37	2	4	148	6808	58	2668	0.00561166	0.00305428	0.00301323	0.0109769	46	0	46	46	
0	1	10	38	2	4	148	6808	73	3358	0.00825191	0.00321768	0.0030213	0.010968	46	0	46	46	
0	1	2	39	3	4	148	6808	25	1150	0.00681709	0.00254747	0.00393293	0.0108966	46	0	46	46	
0	1	11	40	3	4	146	6716	14	644	0.0251496	0.012094	0.00381307	0.0436678	46	0	46	46	
0	1	6	41	3	4	148	6808	74	3404	0.00351844	0.000274037	0.00303319	0.00405015	46	0	46	46	
0	1	7	42	3	4	148	6808	74	3404	0.00383005	0.000568338	0.0030096	0.00497568	46	0	46	46	
0	1	8	43	1	4	146	6716	73	3358	0.00394179	0.000729943	0.00301443	0.00550595	46	0	46	46	
0	1	7	44	1	4	146	6716	73	3358	0.00365841	0.000336417	0.0030225	0.00443898	46	0	46	46	
0	1	10	45	3	4	148	6808	73	3358	0.00358134	0.000402925	0.00300637	0.00475213	46	0	46	46	
0	1	11	46	2	4	148	6808	74	3404	0.00365835	0.0006845	0.00300757	0.00599061	46	0	46	46	
0	1	12	47	1	4	148	6808	73	3358	0.00348833	0.000270262	0.0030114	0.00399204	46	0	46	46	
0	1	13	48	1	4	148	6808	74	3404	0.00382199	0.000588625	0.00300657	0.00528017	46	0	46	46	
0	1	3	49	18	4	146	6716	71	3266	0.0348213	0.0180093	0.00802513	0.0767539	46	0	46	46	
0	1	7	50	2	4	148	6808	31	1426	0.0924921	0.0603562	0.00309657	0.195334	46	0	46	46	
0	1	5	51	5	4	146	6716	73	3358	0.0041004	0.00189417	0.00300677	0.0109704	46	0	46	46	
0	1	3	52	32	4	146	6716	26	1196	0.0807857	0.0527354	0.0128276	0.178411	46	0	46	46	
0	1	3	53	35	4	146	6716	55	2530	0.0699686	0.0475508	0.00899487	0.170486	46	0	46	46	
0	1	3	54	7	4	148	6808	66	3036	0.0377313	0.0241377	0.00326021	0.102698	46	0	46	46	
0	1	3	55	1	4	146	6716	68	3128	0.0396263	0.0285234	0.00358122	0.131492	46	0	46	46	
0	1	3	56	21	4	146	6716	32	1472	0.0624731	0.0473825	0.00612622	0.159146	46	0	46	46	
0	1	11	57	1	4	148	6808	73	3358	0.010492	0.000270262	0.010015	0.0109957	46	0	46	46	
0	1	3	58	30	4	146	6716	64	2944	0.0330082	0.0212979	0.00360585	0.0908431	46	0	46	46	
0	1	3	59	6	4	148	6808	71	3266	0.0418573	0.0260157	0.00343838	0.115586	46	0	46	46	
0	1	3	60	17	4	146	6716	65	2990	0.0374314	0.0214768	0.00567725	0.102711	46	0	46	46	
1	2	3	1	39	4	200	9200	102	4692	0.0437097	0.0288143	0.00606341	0.147807	46	0	46	46	
1	2	3	2	47	4	200	9200	74	3404	0.0597994	0.0509349	0.003013	0.190812	46	0	46	46	
1	2	3	3	20	4	198	9108	100	4600	0.0445508	0.0310076	0.00536467	0.144653	46	0	46	46	
1	2	3	4	43	4	198	9108	53	2438	0.0420532	0.0262522	0.0074803	0.112408	46	0	46	46	
1	2	1	5	2	4	198	9108	99	4554	0.0106328	0.000893166	0.00517804	0.0132144	46	0	46	46	
1	2	6	6	2	4	200	9200	99	4554	0.0136345	0.0198227	0.00330716	0.110067	46	0	46	46	
1	2	3	7	3	4	200	9200	97	4462	0.0441303	0.0284875	0.00325288	0.140432	46	0	46	46	
1	2	3	8	29	4	200	9200	94	4324	0.0407111	0.0246412	0.00395266	0.119679	46	0	46	46	
1	2	3	9	19	4	200	9200	77	3542	0.0526198	0.031391	0.0098447	0.142409	46	0	46	46	
1	2	3	10	5	4	200	9200	115	5290	0.0867452	0.0682479	0.00936084	0.290811	46	0	46	46	
1	2	5	11	3	4	200	9200	100	4600	0.00644102	0.00332566	0.00367462	0.0131492	46	0	46	46	
1	2	5	12	4	4	200	9200	91	4186	0.0266459	0.0383263	0.00311266	0.170987	46	0	46	46	
1	2	3	13	31	4	198	9108	98	4508	0.0625077	0.0428714	0.00444197	0.185096	46	0	46	46	
1	2	3	14	34	4	200	9200	95	4370	0.0438217	0.0269286	0.00422362	0.129076	46	0	46	46	
1	2	3	15	8	4	198	9108	82	3772	0.0526948	0.0362666	0.00738103	0.164434	46	0	46	46	
1	2	3	16	44	4	198	9108	49	2254	0.0416365	0.0281637	0.00533098	0.116096	46	0	46	46	
1	2	8	17	2	4	198	9108	82	3772	0.0380753	0.0562215	0.00305778	0.210113	46	0	46	46	
1	2	5	18	2	4	198	9108	48	2208	0.00687669	0.0033072	0.0031161	0.0106052	46	0	46	46	
1	2	3	19	41	4	200	9200	96	4416	0.0367666	0.0245945	0.00312659	0.110637	46	0	46	46	
1	2	5	20	6	4	200	9200	40	1840	0.0364272	0.037894	0.00375006	0.124387	46	0	46	46	
1	2	4	21	1	4	198	9108	99	4554	0.00954513	0.00242797	0.00315078	0.0116036	46	0	46	46	
1	2	13	22	2	4	200	9200	16	736	0.14258	0.0295805	0.103404	0.19824	46	0	46	46	
1	2	3	23	46	4	200	9200	73	3358	0.00498808	0.00387904	0.0030136	0.0275438	46	0	46	46	
1	2	3	24	45	4	200	9200	83	3818	0.00451568	0.00275463	0.00300127	0.0194565	46	0	46	46	
1	2	3	25	37	4	200	9200	93	4278	0.0797171	0.071985	0.00301197	0.286574	46	0	46	46	
1	2	3	26	23	4	198	9108	90	4140	0.0955571	0.0554189	0.00650369	0.230666	46	0	46	46	
1	2	3	27	2	4	200	9200	60	2760	0.0737765	0.045472	0.0127398	0.176118	46	0	46	46	
1	2	3	28	28	4	200	9200	111	5106	0.0453174	0.0289014	0.00372647	0.135252	46	0	46	46	
1	2	3	29	40	4	200	9200	97	4462	0.054706	0.0349525	0.0103514	0.15615	46	0	46	46	
1	2	13	30	3	4	200	9200	69	3174	0.00822514	0.0130489	0.00303436	0.110451	46	0	46	46	
1	2	3	31	24	4	198	9108	92	4232	0.0557043	0.0380352	0.00365726	0.165858	46	0	46	46	
1	2	3	32	22	4	198	9108	102	4692	0.0506067	0.0362208	0.00585016	0.163543	46	0	46	46	
1	2	3	33	38	4	200	9200	32	1472	0.161321	0.037885	0.104841	0.248947	46	0	46	46	
1	2	3	34	4	4	200	9200	3	138	0.113453	0.0100363	0.103417	0.123489	46	0	46	46	
1	2	2	35	1	4	198	9108	97	4462	0.00819378	0.00332176	0.00304912	0.0119958	46	0	46	46	
1	2	10	36	1	4	200	9200	66	3036	0.120001	0.0509108	0.00304266	0.210481	46	0	46	46	
1	2	3	37	42	4	200	9200	88	4048	0.0345616	0.0290553	0.00327227	0.113289	46	0	46	46	
1	2	10	38	2	4	198	9108	80	3680	0.0201551	0.0397963	0.0030261	0.170481	46	0	46	46	
1	2	3	39	48	4	200	9200	6	276	0.0164797	0.00780929	0.00590381	0.0287585	46	0	46	46	
1	2	11	40	3	4	198	9108	54	2484	0.138454	0.0495258	0.0172561	0.219799	46	0	46	46	
1	2	6	41	3	4	200	9200	100	4600	0.00352103	0.00029442	0.00300167	0.00399927	46	0	46	46	
1	2	7	42	3	4	198	9108	99	4554	0.00370557	0.000564772	0.0030144	0.00499504	46	0	46	46	
1	2	8	43	1	4	200	9200	100	4600	0.00374011	0.000632605	0.00300227	0.00579891	46	0	46	46	
1	2	7	44	1	4	200	9200	100	4600	0.00350193	0.000302316	0.00300554	0.00399097	46	0	46	46	
1	2	10	45	3	4	198	9108	100	4600	0.00377829	0.000530445	0.00301117	0.00593853	46	0	46	46	
1	2	11	46	2	4	200	9200	99	4554	0.00385546	0.000641231	0.00300997	0.00597365	46	0	46	46	
1	2	12	47	1	4	198	9108	100	4600	0.00352556	0.000294994	0.0030138	0.00399684	46	0	46	46	
1	2	13	48	1	4	200	9200	99	4554	0.00412011	0.000735436	0.00300897	0.00639393	46	0	46	46	
1	2	3	49	18	4	200	9200	84	3864	0.0623665	0.0492961	0.00486529	0.21063	46	0	46	46	
1	2	1	50	3	4	198	9108	60	2760	0.0068543	0.00348329	0.00301177	0.0109948	46	0	46	46	
1	2	5	51	5	4	200	9200	100	4600	0.00354557	0.000405184	0.00300917	0.00577669	46	0	46	46	
1	2	3	52	32	4	200	9200	27	1242	0.14034	0.0378488	0.0680697	0.218012	46	0	46	46	
1	2	3	53	35	4	200	9200	75	3450	0.0746607	0.0426169	0.011329	0.171455	46	0	46	46	
1	2	3	54	7	4	198	9108	96	4416	0.0442629	0.0271364	0.0115362	0.121938	46	0	46	46	
1	2	3	55	1	4	200	9200	101	4646	0.0456061	0.0313665	0.0043657	0.136167	46	0	46	46	
1	2	3	56	21	4	200	9200	0	0	0	0	0	0	0	0	0	0	
1	2	11	57	1	4	198	9108	65	2990	0.074036	0.0579274	0.00301743	0.179674	46	0	46	46	
1	2	3	58	30	4	198	9108	105	4830	0.0506255	0.0329425	0.0105017	0.163158	46	0	46	46	
1	2	5	59	7	4	200	9200	25	1150	0.0839797	0.0463798	0.00478571	0.153206	46	0	46	46	
1	2	3	60	17	4	200	9200	83	3818	0.0733872	0.0477975	0.0104061	0.187299	46	0	46	46	
2	3	1	1	5	4	198	9108	62	2852	0.074747	0.0559701	0.0030319	0.216303	46	0	46	46	
2	3	3	2	47	4	198	9108	88	4048	0.0495027	0.0268935	0.0107079	0.121836	46	0	46	46	
2	3	1	3	4	4	200	9200	92	4232	0.0474182	0.0357051	0.00371571	0.150713	46	0	46	46	
2	3	3	4	43	4	200	9200	97	4462	0.0595252	0.0373565	0.0156473	0.166904	46	0	46	46	
2	3	3	5	49	4	200	9200	80	3680	0.051467	0.0417492	0.00507388	0.186202	46	0	46	46	
2	3	6	6	2	4	200	9200	100	4600	0.00795716	0.00326347	0.00330956	0.0109996	46	0	46	46	
2	3	3	7	3	4	200	9200	98	4508	0.0483836	0.027667	0.0115265	0.123057	46	0	46	46	
2	3	3	8	29	4	198	9108	104	4784	0.0460696	0.028866	0.00550226	0.127882	46	0	46	46	
2	3	1	9	6	4	200	9200	84	3864	0.0655606	0.0440531	0.00326838	0.164975	46	0	46	46	
2	3	3	10	5	4	200	9200	89	4094	0.0497241	0.0336049	0.01031	0.1654	46	0	46	46	
2	3	5	11	3	4	200	9200	99	4554	0.00601213	0.00332203	0.00367942	0.0162823	46	0	46	46	
2	3	5	12	4	4	198	9108	90	4140	0.0510471	0.0570855	0.00308114	0.19026	46	0	46	46	
2	3	3	13	31	4	200	9200	108	4968	0.0585933	0.0407781	0.0100109	0.196393	46	0	46	46	
2	3	3	14	34	4	198	9108	105	4830	0.0496278	0.0386162	0.00502506	0.187044	46	0	46	46	
2	3	3	15	8	4	200	9200	56	2576	0.0978605	0.0616687	0.0105698	0.237984	46	0	46	46	
2	3	3	16	44	4	200	9200	30	1380	0.119678	0.0548163	0.0102462	0.211082	46	0	46	46	
2	3	3	17	55	4	200	9200	58	2668	0.0659629	0.0490597	0.00329986	0.190552	46	0	46	46	
2	3	3	18	57	4	200	9200	6	276	0.010041	0.00505601	0.00359546	0.0174865	46	0	46	46	
2	3	3	19	41	4	198	9108	78	3588	0.0513632	0.0292927	0.0117488	0.143676	46	0	46	46	
2	3	3	20	58	4	200	9200	79	3634	0.116189	0.0499554	0.0032827	0.201045	46	0	46	46	
2	3	4	21	1	4	200	9200	65	2990	0.0383061	0.0479954	0.0100249	0.203991	46	0	46	46	
2	3	3	22	53	4	198	9108	38	1748	0.0462269	0.0293749	0.00413542	0.106842	46	0	46	46	
2	3	3	23	46	4	198	9108	101	4646	0.0436156	0.0258918	0.00641792	0.132038	46	0	46	46	
2	3	3	24	45	4	200	9200	107	4922	0.0381587	0.0246727	0.00312959	0.114841	46	0	46	46	
2	3	3	25	37	4	200	9200	97	4462	0.0419993	0.0258161	0.00372381	0.126671	46	0	46	46	
2	3	13	26	5	4	200	9200	62	2852	0.0423571	0.0254839	0.00358113	0.108615	46	0	46	46	
2	3	3	27	2	4	198	9108	107	4922	0.0459499	0.0282294	0.00599881	0.141594	46	0	46	46	
2	3	3	28	28	4	198	9108	90	4140	0.0476672	0.0315028	0.00563927	0.152387	46	0	46	46	
2	3	3	29	40	4	200	9200	91	4186	0.061982	0.0421948	0.0105402	0.197792	46	0	46	46	
2	3	3	30	54	4	198	9108	40	1840	0.0758288	0.0459962	0.00316508	0.20349	46	0	46	46	
2	3	3	31	24	4	200	9200	104	4784	0.0384805	0.0250828	0.0046451	0.111606	46	0	46	46	
2	3	3	32	22	4	200	9200	99	4554	0.0540492	0.0443718	0.00478472	0.206983	46	0	46	46	
2	3	3	33	38	4	200	9200	118	5428	0.0599944	0.0464283	0.00342418	0.214187	46	0	46	46	
2	3	10	34	4	4	200	9200	78	3588	0.0306158	0.0454143	0.0100051	0.184712	46	0	46	46	
2	3	3	35	50	4	200	9200	60	2760	0.0439735	0.0305874	0.00340016	0.128364	46	0	46	46	
2	3	3	36	51	4	198	9108	61	2806	0.0454615	0.0378369	0.0050305	0.162011	46	0	46	46	
2	3	3	37	42	4	198	9108	86	3956	0.0432704	0.0265405	0.00331339	0.132093	46	0	46	46	
2	3	3	38	52	4	200	9200	57	2622	0.0466623	0.0343091	0.00337474	0.160082	46	0	46	46	
2	3	3	39	48	4	198	9108	90	4140	0.0430474	0.0267656	0.00332509	0.127378	46	0	46	46	
2	3	2	40	5	4	200	9200	79	3634	0.0583626	0.0596988	0.00300427	0.194566	46	0	46	46	
2	3	6	41	3	4	198	9108	99	4554	0.00347517	0.00029649	0.00300407	0.00398711	46	0	46	46	
2	3	7	42	3	4	200	9200	100	4600	0.00353264	0.000283223	0.00300224	0.00399984	46	0	46	46	
2	3	8	43	1	4	200	9200	99	4554	0.00352971	0.000282939	0.00300467	0.00398771	46	0	46	46	
2	3	7	44	1	4	200	9200	99	4554	0.00347436	0.000279884	0.00301034	0.00399338	46	0	46	46	
2	3	10	45	3	4	200	9200	99	4554	0.00428202	0.00060047	0.00301357	0.00583197	46	0	46	46	
2	3	11	46	2	4	198	9108	100	4600	0.00361445	0.000424577	0.00301477	0.00521333	46	0	46	46	
2	3	12	47	1	4	200	9200	100	4600	0.00348356	0.000297059	0.00300164	0.00399924	46	0	46	46	
2	3	13	48	1	4	198	9108	100	4600	0.00366809	0.000577511	0.00301377	0.00597745	46	0	46	46	
2	3	3	49	18	4	200	9200	74	3404	0.0772618	0.0491412	0.0102163	0.196052	46	0	46	46	
2	3	1	50	3	4	200	9200	99	4554	0.0087507	0.00325695	0.00301417	0.0123265	46	0	46	46	
2	3	5	51	5	4	200	9200	98	4508	0.00937436	0.0190626	0.00301397	0.103597	46	0	46	46	
2	3	3	52	32	4	198	9108	117	5382	0.0604397	0.0426041	0.00749336	0.194307	46	0	46	46	
2	3	3	53	35	4	198	9108	96	4416	0.0394959	0.0222608	0.00827567	0.103876	46	0	46	46	
2	3	3	54	7	4	200	9200	109	5014	0.0447362	0.0341657	0.00648773	0.162689	46	0	46	46	
2	3	2	55	4	4	200	9200	58	2668	0.0699534	0.0759024	0.00308234	0.247061	46	0	46	46	
2	3	3	56	56	4	198	9108	48	2208	0.0586888	0.057052	0.00322782	0.193024	46	0	46	46	
2	3	11	57	1	4	200	9200	64	2944	0.111475	0.0364976	0.0328043	0.18862	46	0	46	46	
2	3	13	58	4	4	200	9200	74	3404	0.0634456	0.0593476	0.00524985	0.23587	46	0	46	46	
2	3	5	59	7	4	198	9108	97	4462	0.0158164	0.0255294	0.00300974	0.103649	46	0	46	46	
2	3	6	60	4	4	200	9200	44	2024	0.0623259	0.0409837	0.00301374	0.141229	46	0	46	46	
3	4	1	1	5	4	200	9200	100	4600	0.00621878	0.00332068	0.00301494	0.0129084	46	0	46	46	
3	4	1	2	9	4	200	9200	81	3726	0.022202	0.0352865	0.00300564	0.147693	46	0	46	46	
3	4	1	3	4	4	200	9200	99	4554	0.00565729	0.00322111	0.00302563	0.0164639	46	0	46	46	
3	4	3	4	43	4	200	9200	98	4508	0.0665715	0.042891	0.0112357	0.186705	46	0	46	46	
3	4	3	5	49	4	200	9200	98	4508	0.0672971	0.0450727	0.0114249	0.197294	46	0	46	46	
3	4	1	6	7	4	198	9108	86	3956	0.00633711	0.0118465	0.00300444	0.111803	46	0	46	46	
3	4	3	7	3	4	198	9108	102	4692	0.0553917	0.0348447	0.0108606	0.146313	46	0	46	46	
3	4	3	8	29	4	200	9200	82	3772	0.0520952	0.03304	0.00363298	0.135616	46	0	46	46	
3	4	1	9	6	4	198	9108	91	4186	0.0460342	0.0562229	0.0030335	0.209653	46	0	46	46	
3	4	1	10	10	4	198	9108	92	4232	0.0543833	0.0387446	0.00378571	0.170966	46	0	46	46	
3	4	5	11	3	4	198	9108	15	690	0.00751361	0.00416131	0.0041927	0.0152653	46	0	46	46	
3	4	5	12	4	4	200	9200	91	4186	0.0304667	0.0337496	0.0030109	0.111176	46	0	46	46	
3	4	3	13	31	4	198	9108	98	4508	0.0482503	0.0274544	0.0101077	0.136251	46	0	46	46	
3	4	3	14	34	4	200	9200	87	4002	0.0742892	0.0492971	0.00679498	0.186103	46	0	46	46	
3	4	3	15	59	4	198	9108	47	2162	0.102258	0.0561566	0.00382647	0.203391	46	0	46	46	
3	4	3	16	44	4	200	9200	69	3174	0.0662867	0.0464578	0.00303066	0.174048	46	0	46	46	
3	4	3	17	55	4	200	9200	81	3726	0.0558779	0.0459928	0.00866546	0.184939	46	0	46	46	
3	4	3	18	57	4	200	9200	99	4554	0.0389473	0.0213366	0.0040337	0.0916511	46	0	46	46	
3	4	9	19	2	4	200	9200	38	1748	0.108458	0.0530285	0.00368339	0.190243	46	0	46	46	
3	4	3	20	58	4	198	9108	53	2438	0.0846986	0.0510851	0.00672094	0.177285	46	0	46	46	
3	4	4	21	1	4	200	9200	26	1196	0.13486	0.0375706	0.0841943	0.203628	46	0	46	46	
3	4	3	22	53	4	200	9200	110	5060	0.0490848	0.0287345	0.00850342	0.140828	46	0	46	46	
3	4	3	23	46	4	200	9200	98	4508	0.0378679	0.0208822	0.00326048	0.0891152	46	0	46	46	
3	4	3	24	45	4	198	9108	73	3358	0.0465963	0.0304283	0.00506415	0.1255	46	0	46	46	
3	4	3	25	37	4	198	9108	104	4784	0.0326186	0.0203636	0.00376733	0.0877819	46	0	46	46	
3	4	13	26	5	4	200	9200	100	4600	0.011167	0.00334895	0.00336321	0.0174019	46	0	46	46	
3	4	3	27	2	4	200	9200	91	4186	0.0523596	0.0319689	0.00658233	0.147381	46	0	46	46	
3	4	4	28	6	4	200	9200	89	4094	0.064871	0.0472475	0.00395639	0.185591	46	0	46	46	
3	4	3	29	40	4	198	9108	66	3036	0.100923	0.0589072	0.0167799	0.246322	46	0	46	46	
3	4	3	30	54	4	200	9200	103	4738	0.0699416	0.0445207	0.0139496	0.188821	46	0	46	46	
3	4	3	31	24	4	198	9108	100	4600	0.0527424	0.0341857	0.0103763	0.146287	46	0	46	46	
3	4	2	32	6	4	200	9200	67	3082	0.0813397	0.0519023	0.0041164	0.191932	46	0	46	46	
3	4	3	33	38	4	198	9108	93	4278	0.0512304	0.036281	0.0078309	0.154356	46	0	46	46	
3	4	10	34	4	4	198	9108	80	3680	0.0203145	0.0254613	0.0100075	0.110191	46	0	46	46	
3	4	3	35	50	4	198	9108	112	5152	0.0477285	0.0333661	0.0030248	0.168548	46	0	46	46	
3	4	3	36	51	4	200	9200	97	4462	0.0492142	0.0346516	0.00432346	0.163122	46	0	46	46	
3	4	2	37	7	4	200	9200	63	2898	0.101151	0.0559723	0.00301067	0.214991	46	0	46	46	
3	4	3	38	52	4	200	9200	109	5014	0.0517538	0.0422617	0.00614466	0.201522	46	0	46	46	
3	4	3	39	48	4	200	9200	73	3358	0.0635068	0.0422203	0.010819	0.181509	46	0	46	46	
3	4	10	40	5	4	200	9200	41	1886	0.0212244	0.0332403	0.00300667	0.112227	46	0	46	46	
3	4	6	41	3	4	200	9200	100	4600	0.00351335	0.000275429	0.00300887	0.00399191	46	0	46	46	
3	4	7	42	3	4	200	9200	99	4554	0.00348799	0.000302336	0.00300464	0.00398768	46	0	46	46	
3	4	8	43	1	4	198	9108	100	4600	0.00375243	0.000586174	0.00300707	0.00577219	46	0	46	46	
3	4	7	44	1	4	198	9108	100	4600	0.00353426	0.000288367	0.00301514	0.00399818	46	0	46	46	
3	4	10	45	3	4	200	9200	100	4600	0.00443061	0.000527325	0.00311277	0.00740333	46	0	46	46	
3	4	11	46	2	4	200	9200	100	4600	0.00362245	0.000578434	0.00300021	0.00498325	46	0	46	46	
3	4	12	47	1	4	200	9200	99	4554	0.00350416	0.000275239	0.00300404	0.00398708	46	0	46	46	
3	4	13	48	1	4	200	9200	100	4600	0.00420609	0.00071444	0.00300161	0.00598465	46	0	46	46	
3	4	3	49	18	4	198	9108	90	4140	0.144491	0.0701716	0.0150734	0.306347	46	0	46	46	
3	4	1	50	3	4	200	9200	98	4508	0.01877	0.0260992	0.00452745	0.111983	46	0	46	46	
3	4	5	51	5	4	198	9108	95	4370	0.0267902	0.0392685	0.00301877	0.153656	46	0	46	46	
3	4	3	52	32	4	200	9200	96	4416	0.0428115	0.0283979	0.00487592	0.126731	46	0	46	46	
3	4	3	53	35	4	200	9200	105	4830	0.0418588	0.0235227	0.00822719	0.114443	46	0	46	46	
3	4	3	54	7	4	200	9200	101	4646	0.0354332	0.0224683	0.00572981	0.106093	46	0	46	46	
3	4	2	55	4	4	198	9108	99	4554	0.0107276	0.000523076	0.0100121	0.0119395	46	0	46	46	
3	4	3	56	56	4	200	9200	99	4554	0.0377477	0.0204826	0.00684766	0.0925958	46	0	46	46	
3	4	11	57	1	4	200	9200	83	3818	0.0699318	0.0620707	0.0100077	0.221315	46	0	46	46	
3	4	13	58	4	4	198	9108	99	4554	0.00923382	0.00277119	0.00325465	0.0109834	46	0	46	46	
3	4	5	59	7	4	200	9200	99	4554	0.0120388	0.0209563	0.00303389	0.112269	46	0	46	46	
3	4	1	60	8	4	198	9108	99	4554	0.00508878	0.00288198	0.00303309	0.0138878	46	0	46	46	
4	5	1	1	5	4	200	9200	100	4600	0.00539037	0.00242156	0.00314239	0.0127655	46	0	46	46	
4	5	1	2	9	4	200	9200	98	4508	0.00463648	0.00289991	0.00300741	0.017393	46	0	46	46	
4	5	3	3	64	4	200	9200	80	3680	0.0360585	0.0505444	0.00343698	0.185304	46	0	46	46	
4	5	3	4	43	4	198	9108	94	4324	0.0561546	0.0311186	0.00563758	0.145509	46	0	46	46	
4	5	3	5	49	4	200	9200	80	3680	0.0706693	0.0459024	0.0100278	0.200936	46	0	46	46	
4	5	3	6	65	4	200	9200	71	3266	0.0158385	0.0272969	0.00304796	0.121772	46	0	46	46	
4	5	3	7	3	4	200	9200	58	2668	0.108556	0.057071	0.0112262	0.207374	46	0	46	46	
4	5	3	8	29	4	198	9108	81	3726	0.108092	0.0794664	0.0105288	0.315492	46	0	46	46	
4	5	3	9	63	4	198	9108	70	3220	0.0558597	0.05379	0.00300198	0.180801	46	0	46	46	
4	5	6	10	5	4	198	9108	88	4048	0.12352	0.0555515	0.00358246	0.208719	46	0	46	46	
4	5	5	11	3	4	200	9200	0	0	0	0	0	0	0	0	0	0	
4	5	5	12	4	4	200	9200	92	4232	0.0286493	0.0393019	0.00309074	0.16036	46	0	46	46	
4	5	3	13	31	4	200	9200	101	4646	0.0407333	0.028163	0.00309318	0.125929	46	0	46	46	
4	5	3	14	34	4	200	9200	78	3588	0.0650287	0.0458691	0.00697898	0.172193	46	0	46	46	
4	5	3	15	59	4	200	9200	102	4692	0.0392009	0.0232872	0.00352375	0.10772	46	0	46	46	
4	5	3	16	44	4	200	9200	79	3634	0.0576757	0.0383094	0.00512506	0.159033	46	0	46	46	
4	5	9	17	3	4	198	9108	48	2208	0.0784306	0.0585028	0.0100552	0.192145	46	0	46	46	
4	5	3	18	57	4	198	9108	96	4416	0.0486186	0.0309125	0.00607482	0.132385	46	0	46	46	
4	5	3	19	61	4	200	9200	61	2806	0.0363173	0.0254449	0.00478571	0.117105	46	0	46	46	
4	5	3	20	58	4	198	9108	86	3956	0.0486372	0.0417715	0.00412526	0.174542	46	0	46	46	
4	5	4	21	1	4	198	9108	100	4600	0.0496992	0.0621129	0.0030185	0.203906	46	0	46	46	
4	5	3	22	53	4	200	9200	97	4462	0.0427801	0.025527	0.00827094	0.126179	46	0	46	46	
4	5	3	23	46	4	198	9108	94	4324	0.046769	0.0268891	0.00408128	0.119355	46	0	46	46	
4	5	3	24	45	4	200	9200	90	4140	0.09213	0.0642133	0.00424389	0.250449	46	0	46	46	
4	5	3	25	37	4	198	9108	99	4554	0.0393065	0.0214449	0.00334255	0.0994428	46	0	46	46	
4	5	13	26	5	4	198	9108	74	3404	0.0207083	0.0264988	0.00344305	0.104915	46	0	46	46	
4	5	3	27	2	4	198	9108	110	5060	0.0466449	0.0302587	0.00344425	0.138403	46	0	46	46	
4	5	4	28	6	4	200	9200	99	4554	0.00713899	0.00345784	0.00301207	0.0109951	46	0	46	46	
4	5	3	29	40	4	200	9200	30	1380	0.14316	0.0459371	0.053734	0.23422	46	0	46	46	
4	5	13	30	6	4	200	9200	66	3036	0.0528291	0.035405	0.00306332	0.135899	46	0	46	46	
4	5	3	31	24	4	200	9200	93	4278	0.0393186	0.023404	0.00318014	0.0977637	46	0	46	46	
4	5	11	32	6	4	198	9108	66	3036	0.00984633	0.0133369	0.00300744	0.112191	46	0	46	46	
4	5	3	33	38	4	198	9108	105	4830	0.0442207	0.0307235	0.00481471	0.138635	46	0	46	46	
4	5	3	34	60	4	198	9108	73	3358	0.0310033	0.018663	0.0036761	0.0786491	46	0	46	46	
4	5	2	35	10	4	200	9200	47	2162	0.106904	0.0676417	0.0030189	0.232645	46	0	46	46	
4	5	2	36	11	4	200	9200	64	2944	0.100666	0.0591398	0.0034953	0.228256	46	0	46	46	
4	5	2	37	7	4	200	9200	92	4232	0.00699197	0.0033621	0.00301307	0.0119235	46	0	46	46	
4	5	3	38	52	4	200	9200	98	4508	0.0426835	0.0249352	0.0113819	0.126619	46	0	46	46	
4	5	3	39	48	4	200	9200	62	2852	0.199791	0.117045	0.0245865	0.44262	46	0	46	46	
4	5	2	40	8	4	198	9108	84	3864	0.0422321	0.0559725	0.00303083	0.221447	46	0	46	46	
4	5	6	41	3	4	198	9108	99	4554	0.00356573	0.000318168	0.00301127	0.00422593	46	0	46	46	
4	5	7	42	3	4	200	9200	100	4600	0.00346532	0.000287429	0.00300378	0.00399248	46	0	46	46	
4	5	8	43	1	4	200	9200	100	4600	0.00348032	0.000264375	0.00300761	0.00399491	46	0	46	46	
4	5	7	44	1	4	198	9108	99	4554	0.00346207	0.00032283	0.00300058	0.00398865	46	0	46	46	
4	5	10	45	3	4	198	9108	100	4600	0.00356032	0.000343186	0.00300054	0.00500381	46	0	46	46	
4	5	11	46	2	4	200	9200	100	4600	0.00368027	0.000526866	0.00300501	0.00546161	46	0	46	46	
4	5	12	47	1	4	198	9108	100	4600	0.00354933	0.000303321	0.00300884	0.00399188	46	0	46	46	
4	5	13	48	1	4	200	9200	99	4554	0.0039495	0.000648796	0.00300401	0.00598945	46	0	46	46	
4	5	3	49	18	4	200	9200	70	3220	0.0691068	0.0470543	0.0105141	0.181229	46	0	46	46	
4	5	1	50	3	4	200	9200	94	4324	0.00492164	0.00238794	0.00310507	0.0152417	46	0	46	46	
4	5	5	51	5	4	200	9200	90	4140	0.0239153	0.0319826	0.00300421	0.110733	46	0	46	46	
4	5	3	52	32	4	200	9200	97	4462	0.0397106	0.0271089	0.00607238	0.134118	46	0	46	46	
4	5	13	53	7	4	200	9200	51	2346	0.0683301	0.0572796	0.00316438	0.188632	46	0	46	46	
4	5	3	54	7	4	198	9108	96	4416	0.03726	0.0243516	0.00562325	0.116241	46	0	46	46	
4	5	3	55	62	4	200	9200	71	3266	0.0209878	0.03025	0.00321546	0.163416	46	0	46	46	
4	5	11	56	5	4	200	9200	54	2484	0.0449579	0.0369179	0.00332702	0.139964	46	0	46	46	
4	5	2	57	9	4	198	9108	10	460	0.0891293	0.0596752	0.00312383	0.193356	46	0	46	46	
4	5	13	58	4	4	200	9200	48	2208	0.121011	0.057126	0.0100222	0.210078	46	0	46	46	
4	5	5	59	7	4	200	9200	44	2024	0.109223	0.0708775	0.00360046	0.205567	46	0	46	46	
4	5	1	60	8	4	200	9200	87	4002	0.0416698	0.0381317	0.00300158	0.131549	46	0	46	46	
5	6	1	1	5	4	198	9108	100	4600	0.00930165	0.00320164	0.00301284	0.0156529	46	0	46	46	
5	6	3	2	68	4	198	9108	75	3450	0.0303664	0.0303456	0.00303723	0.140194	46	0	46	46	
5	6	3	3	64	4	198	9108	98	4508	0.0406976	0.0277996	0.0035683	0.126315	46	0	46	46	
5	6	3	4	43	4	200	9200	90	4140	0.0740715	0.0434715	0.0110056	0.190695	46	0	46	46	
5	6	3	5	49	4	198	9108	115	5290	0.0553968	0.0462752	0.00518474	0.217167	46	0	46	46	
5	6	3	6	65	4	200	9200	94	4324	0.0415731	0.0264248	0.00571725	0.136693	46	0	46	46	
5	6	3	7	3	4	200	9200	62	2852	0.100926	0.0650263	0.0124008	0.237273	46	0	46	46	
5	6	3	8	29	4	202	9292	71	3266	0.0605865	0.0343198	0.00976243	0.134695	46	0	46	46	
5	6	3	9	63	4	202	9292	18	828	0.081168	0.0420422	0.0140959	0.151139	46	0	46	46	
5	6	1	10	11	4	202	9292	62	2852	0.0297323	0.0414874	0.0030318	0.17286	46	0	46	46	
5	6	5	11	3	4	200	9200	87	4002	0.0287742	0.050584	0.00301324	0.20271	46	0	46	46	
5	6	5	12	4	4	196	9016	104	4784	0.0345577	0.0441193	0.0031101	0.183415	46	0	46	46	
5	6	3	13	31	4	200	9200	102	4692	0.0332199	0.0196215	0.00493533	0.0898403	46	0	46	46	
5	6	3	14	34	4	200	9200	98	4508	0.0431257	0.0279719	0.00834658	0.134257	46	0	46	46	
5	6	3	15	59	4	200	9200	99	4554	0.0411117	0.0252411	0.00332519	0.121836	46	0	46	46	
5	6	3	16	44	4	198	9108	98	4508	0.0624924	0.0397763	0.00654894	0.153637	46	0	46	46	
5	6	9	17	3	4	200	9200	100	4600	0.0091966	0.00297328	0.00311717	0.0172195	46	0	46	46	
5	6	3	18	57	4	200	9200	84	3864	0.0454083	0.0266674	0.00447914	0.108387	46	0	46	46	
5	6	3	19	61	4	196	9016	90	4140	0.0631365	0.0428998	0.00336131	0.155077	46	0	46	46	
5	6	3	20	58	4	202	9292	100	4600	0.0452851	0.0313158	0.00378279	0.143692	46	0	46	46	
5	6	4	21	1	4	200	9200	100	4600	0.00852005	0.00317472	0.00301384	0.0120885	46	0	46	46	
5	6	3	22	53	4	196	9016	97	4462	0.0463805	0.0281291	0.00425962	0.131648	46	0	46	46	
5	6	3	23	46	4	202	9292	102	4692	0.0423987	0.0271913	0.00318394	0.121829	46	0	46	46	
5	6	3	24	45	4	200	9200	100	4600	0.0358555	0.0286776	0.00334252	0.143597	46	0	46	46	
5	6	3	25	37	4	202	9292	80	3680	0.048574	0.030918	0.00376606	0.141881	46	0	46	46	
5	6	3	26	66	4	200	9200	67	3082	0.0315308	0.0195442	0.00326385	0.0965713	46	0	46	46	
5	6	3	27	2	4	202	9292	99	4554	0.0374231	0.021847	0.00924992	0.0995019	46	0	46	46	
5	6	4	28	6	4	198	9108	59	2714	0.0186499	0.0260763	0.00310647	0.118204	46	0	46	46	
5	6	3	29	40	4	200	9200	107	4922	0.07036	0.039152	0.00871502	0.17007	46	0	46	46	
5	6	4	30	7	4	196	9016	75	3450	0.0473596	0.0535235	0.00311977	0.19154	46	0	46	46	
5	6	3	31	24	4	200	9200	59	2714	0.0949194	0.0518098	0.00723822	0.201744	46	0	46	46	
5	6	11	32	6	4	200	9200	100	4600	0.00950362	0.00272436	0.00320877	0.017665	46	0	46	46	
5	6	2	33	12	4	202	9292	72	3312	0.0822126	0.0556317	0.0037687	0.224872	46	0	46	46	
5	6	3	34	60	4	202	9292	101	4646	0.0377448	0.027508	0.00342649	0.112501	46	0	46	46	
5	6	2	35	10	4	200	9200	97	4462	0.0316853	0.0465427	0.0030219	0.199033	46	0	46	46	
5	6	2	36	11	4	196	9016	72	3312	0.0324299	0.0595018	0.00300618	0.195218	46	0	46	46	
5	6	3	37	67	4	198	9108	69	3174	0.0401079	0.0266996	0.00310747	0.100825	46	0	46	46	
5	6	3	38	52	4	198	9108	100	4600	0.0466845	0.0272856	0.00382518	0.108121	46	0	46	46	
5	6	3	39	48	4	198	9108	16	736	0.15067	0.0239089	0.113917	0.194595	46	0	46	46	
5	6	2	40	8	4	200	9200	49	2254	0.136377	0.0377027	0.0369792	0.205446	46	0	46	46	
5	6	6	41	3	4	202	9292	99	4554	0.00376483	0.000405135	0.00301567	0.00482438	46	0	46	46	
5	6	7	42	3	4	198	9108	100	4600	0.00334216	0.000297119	0.00300678	0.00399811	46	0	46	46	
5	6	8	43	1	4	200	9200	100	4600	0.00346989	0.000255087	0.00304146	0.00398638	46	0	46	46	
5	6	7	44	1	4	202	9292	101	4646	0.00363237	0.000330554	0.00301364	0.00485746	46	0	46	46	
5	6	10	45	3	4	200	9200	100	4600	0.00352323	0.000259655	0.00300131	0.00397692	46	0	46	46	
5	6	11	46	2	4	196	9016	98	4508	0.00360235	0.000352651	0.00301344	0.00450093	46	0	46	46	
5	6	12	47	1	4	200	9200	100	4600	0.00362494	0.000277089	0.0030213	0.00399728	46	0	46	46	
5	6	13	48	1	4	196	9016	99	4554	0.00404745	0.000726774	0.00300841	0.00687019	46	0	46	46	
5	6	3	49	18	4	200	9200	87	4002	0.108015	0.0608839	0.0100336	0.236436	46	0	46	46	
5	6	6	50	6	4	198	9108	67	3082	0.0326556	0.0515724	0.00309474	0.20391	46	0	46	46	
5	6	5	51	5	4	200	9200	93	4278	0.0810796	0.0576624	0.00301927	0.195053	46	0	46	46	
5	6	3	52	32	4	196	9016	103	4738	0.0463464	0.0303079	0.0104327	0.145086	46	0	46	46	
5	6	13	53	7	4	196	9016	89	4094	0.0100648	0.00321708	0.00312543	0.0202667	46	0	46	46	
5	6	3	54	7	4	200	9200	101	4646	0.0383005	0.021702	0.00329007	0.101296	46	0	46	46	
5	6	3	55	62	4	200	9200	99	4554	0.0377536	0.0232098	0.00379269	0.0959713	46	0	46	46	
5	6	11	56	5	4	198	9108	90	4140	0.0649697	0.0516249	0.00317142	0.175566	46	0	46	46	
5	6	2	57	9	4	200	9200	105	4830	0.0164029	0.0285825	0.00316255	0.142797	46	0	46	46	
5	6	4	58	8	4	200	9200	53	2438	0.150515	0.0410247	0.00307135	0.208874	46	0	46	46	
5	6	5	59	7	4	196	9016	82	3772	0.0813125	0.0719699	0.00311047	0.203999	46	0	46	46	
5	6	6	60	7	4	200	9200	71	3266	0.0594994	0.0497458	0.0030326	0.190798	46	0	46	46	
6	7	1	1	5	4	202	9292	43	1978	0.0761646	0.0716779	0.00330417	0.203695	46	0	46	46	
6	7	3	2	68	4	202	9292	97	4462	0.03586	0.0233615	0.0078556	0.116174	46	0	46	46	
6	7	1	3	13	4	202	9292	56	2576	0.0660958	0.0504694	0.00307855	0.170433	46	0	46	46	
6	7	3	4	43	4	200	9200	100	4600	0.045702	0.0227709	0.0112214	0.102131	46	0	46	46	
6	7	3	5	49	4	202	9292	97	4462	0.0328615	0.0185366	0.00379246	0.0788102	46	0	46	46	
6	7	3	6	65	4	196	9016	100	4600	0.0384548	0.0258128	0.00314033	0.109815	46	0	46	46	
6	7	3	7	3	4	196	9016	100	4600	0.0319616	0.0201218	0.00422706	0.0752987	46	0	46	46	
6	7	3	8	29	4	198	9108	64	2944	0.09644	0.0597993	0.0174059	0.253632	46	0	46	46	
6	7	7	9	5	4	198	9108	83	3818	0.0455552	0.0366093	0.0100636	0.155083	46	0	46	46	
6	7	7	10	4	4	198	9108	69	3174	0.0179383	0.0238868	0.0034918	0.110184	46	0	46	46	
6	7	5	11	3	4	196	9016	100	4600	0.00848693	0.00324697	0.00300271	0.0119906	46	0	46	46	
6	7	5	12	4	4	204	9384	83	3818	0.031502	0.0432603	0.00306122	0.168936	46	0	46	46	
6	7	3	13	31	4	196	9016	77	3542	0.0712795	0.0597239	0.00608158	0.2114	46	0	46	46	
6	7	3	14	34	4	198	9108	98	4508	0.0461527	0.0305593	0.00999302	0.155092	46	0	46	46	
6	7	3	15	59	4	196	9016	96	4416	0.0357959	0.0219539	0.00426582	0.0992616	46	0	46	46	
6	7	3	16	44	4	202	9292	100	4600	0.0437269	0.0314448	0.00360076	0.120388	46	0	46	46	
6	7	9	17	3	4	200	9200	91	4186	0.00979087	0.00217672	0.00305616	0.0115285	46	0	46	46	
6	7	5	18	9	4	200	9200	75	3450	0.0914856	0.0557402	0.00306402	0.185452	46	0	46	46	
6	7	5	19	10	4	202	9292	67	3082	0.0560726	0.0472689	0.00309651	0.153625	46	0	46	46	
6	7	3	20	58	4	198	9108	82	3772	0.0500325	0.0226692	0.012402	0.109565	46	0	46	46	
6	7	4	21	1	4	200	9200	90	4140	0.00760642	0.0109102	0.00301218	0.104947	46	0	46	46	
6	7	4	22	11	4	202	9292	43	1978	0.0666761	0.0410745	0.0114273	0.155513	46	0	46	46	
6	7	3	23	46	4	198	9108	108	4968	0.0313961	0.0169518	0.0030247	0.0856448	46	0	46	46	
6	7	3	24	45	4	196	9016	104	4784	0.0272969	0.0176438	0.00316555	0.0745903	46	0	46	46	
6	7	3	25	37	4	198	9108	109	5014	0.0519859	0.0416556	0.00330394	0.19251	46	0	46	46	
6	7	3	26	66	4	200	9200	104	4784	0.0336062	0.021201	0.00660399	0.102517	46	0	46	46	
6	7	4	27	10	4	198	9108	84	3864	0.0312566	0.0247958	0.00367423	0.104158	46	0	46	46	
6	7	4	28	6	4	202	9292	76	3496	0.10803	0.0563444	0.0031361	0.19837	46	0	46	46	
6	7	3	29	40	4	196	9016	99	4554	0.0399078	0.0224758	0.00662738	0.0993108	46	0	46	46	
6	7	4	30	7	4	202	9292	94	4324	0.0197632	0.0261176	0.00300834	0.110744	46	0	46	46	
6	7	2	31	17	4	196	9016	64	2944	0.118018	0.0639369	0.00315099	0.217851	46	0	46	46	
6	7	2	32	16	4	200	9200	61	2806	0.0312618	0.0479152	0.0031258	0.187128	46	0	46	46	
6	7	2	33	12	4	198	9108	101	4646	0.00612818	0.00310011	0.00301238	0.0174916	46	0	46	46	
6	7	2	34	14	4	198	9108	73	3358	0.0143778	0.0266199	0.0030263	0.124598	46	0	46	46	
6	7	2	35	10	4	196	9016	84	3864	0.0767843	0.0508578	0.00300934	0.179676	46	0	46	46	
6	7	2	36	11	4	202	9292	86	3956	0.112962	0.0589669	0.00327851	0.198645	46	0	46	46	
6	7	3	37	67	4	202	9292	100	4600	0.0322194	0.0228364	0.00616169	0.102173	46	0	46	46	
6	7	2	38	18	4	202	9292	50	2300	0.102189	0.070555	0.00305293	0.22661	46	0	46	46	
6	7	1	39	12	4	202	9292	61	2806	0.00937407	0.00292593	0.00300674	0.0129264	46	0	46	46	
6	7	2	40	8	4	200	9200	29	1334	0.13238	0.0269316	0.0953717	0.210039	46	0	46	46	
6	7	6	41	3	4	198	9108	101	4646	0.00356797	0.000317475	0.00300148	0.00476906	46	0	46	46	
6	7	7	42	3	4	202	9292	100	4600	0.00343492	0.000386977	0.00300211	0.00467623	46	0	46	46	
6	7	8	43	1	4	196	9016	98	4508	0.00350626	0.000278163	0.00300191	0.00398192	46	0	46	46	
6	7	7	44	1	4	198	9108	99	4554	0.00378602	0.000704588	0.00300231	0.00792198	46	0	46	46	
6	7	10	45	3	4	196	9016	98	4508	0.00351839	0.000301306	0.00301401	0.00398535	46	0	46	46	
6	7	11	46	2	4	202	9292	101	4646	0.0035566	0.000268023	0.00300151	0.00398415	46	0	46	46	
6	7	12	47	1	4	198	9108	98	4508	0.00354703	0.000297013	0.00300534	0.00399098	46	0	46	46	
6	7	13	48	1	4	202	9292	101	4646	0.00369557	0.000353783	0.00300391	0.00490142	46	0	46	46	
6	7	3	49	18	4	196	9016	75	3450	0.0729125	0.0476899	0.012965	0.190913	46	0	46	46	
6	7	6	50	6	4	202	9292	94	4324	0.0198464	0.0257	0.0031379	0.110917	46	0	46	46	
6	7	5	51	5	4	196	9016	101	4646	0.00888871	0.00312523	0.00300371	0.0139204	46	0	46	46	
6	7	9	52	4	4	202	9292	76	3496	0.0483453	0.0294455	0.0111183	0.132822	46	0	46	46	
6	7	3	53	70	4	202	9292	38	1748	0.0850389	0.0617754	0.00328214	0.204139	46	0	46	46	
6	7	13	54	8	4	200	9200	13	598	0.0711408	0.0723632	0.00378571	0.163184	46	0	46	46	
6	7	2	55	15	4	196	9016	85	3910	0.0255728	0.0338645	0.00300734	0.151169	46	0	46	46	
6	7	2	56	13	4	202	9292	22	1012	0.0485819	0.0403838	0.00306082	0.120446	46	0	46	46	
6	7	2	57	9	4	200	9200	100	4600	0.00676657	0.0035612	0.00301261	0.0149319	46	0	46	46	
6	7	4	58	8	4	196	9016	80	3680	0.0801976	0.0595607	0.00305919	0.193399	46	0	46	46	
6	7	5	59	7	4	202	9292	61	2806	0.0808106	0.061788	0.00309634	0.2036	46	0	46	46	
6	7	3	60	69	4	196	9016	69	3174	0.0281827	0.0231877	0.00316998	0.100585	46	0	46	46	
7	8	3	1	82	4	200	9200	41	1886	0.118066	0.0615363	0.00413723	0.194699	46	0	46	46	
7	8	3	2	68	4	200	9200	90	4140	0.0477613	0.0430012	0.0109954	0.179955	46	0	46	46	
7	8	1	3	13	4	200	9200	99	4554	0.00837786	0.00284634	0.00328638	0.0124327	46	0	46	46	
7	8	3	4	43	4	200	9200	100	4600	0.0299992	0.0180606	0.00370282	0.0731005	46	0	46	46	
7	8	3	5	49	4	200	9200	100	4600	0.0274308	0.0167627	0.00420707	0.0756021	46	0	46	46	
7	8	3	6	65	4	200	9200	104	4784	0.0314616	0.019	0.00315742	0.0840234	46	0	46	46	
7	8	3	7	3	4	200	9200	48	2208	0.0259031	0.0161149	0.0033235	0.0654113	46	0	46	46	
7	8	3	8	29	4	200	9200	61	2806	0.0825467	0.0522956	0.0102283	0.162227	46	0	46	46	
7	8	3	9	77	4	200	9200	75	3450	0.0177691	0.0174792	0.0031296	0.103204	46	0	46	46	
7	8	3	10	78	4	198	9108	83	3818	0.0158457	0.0150518	0.00315802	0.103561	46	0	46	46	
7	8	5	11	3	4	200	9200	4	184	0.00493499	0.000207622	0.00468953	0.00516955	46	0	46	46	
7	8	5	12	4	4	200	9200	77	3542	0.12322	0.0505477	0.0071447	0.207958	46	0	46	46	
7	8	3	13	31	4	198	9108	58	2668	0.0827287	0.0442605	0.010064	0.158909	46	0	46	46	
7	8	3	14	34	4	200	9200	99	4554	0.0364219	0.0220788	0.00566167	0.115791	46	0	46	46	
7	8	3	15	59	4	198	9108	81	3726	0.0846298	0.0595134	0.00457087	0.206882	46	0	46	46	
7	8	3	16	44	4	200	9200	100	4600	0.0341132	0.0190318	0.00310781	0.0812305	46	0	46	46	
7	8	3	17	75	4	194	8924	66	3036	0.0286924	0.0289572	0.0032238	0.11209	46	0	46	46	
7	8	5	18	9	4	194	8924	97	4462	0.00568724	0.00307082	0.00302124	0.0125563	46	0	46	46	
7	8	5	19	10	4	200	9200	62	2852	0.0579116	0.0663544	0.00323553	0.19223	46	0	46	46	
7	8	9	20	5	4	200	9200	9	414	0.0106072	0.000358213	0.0100208	0.0109883	46	0	46	46	
7	8	4	21	1	4	200	9200	82	3772	0.0389951	0.0545119	0.00300065	0.200904	46	0	46	46	
7	8	4	22	11	4	200	9200	49	2254	0.105637	0.0514251	0.0063156	0.203015	46	0	46	46	
7	8	3	23	46	4	200	9200	95	4370	0.0326815	0.0192214	0.00526842	0.0931621	46	0	46	46	
7	8	3	24	45	4	200	9200	61	2806	0.110874	0.0405056	0.0344928	0.181908	46	0	46	46	
7	8	3	25	37	4	200	9200	96	4416	0.0312351	0.0210814	0.00516932	0.0883106	46	0	46	46	
7	8	3	26	66	4	194	8924	99	4554	0.037411	0.0277226	0.00572362	0.116867	46	0	46	46	
7	8	4	27	10	4	200	9200	76	3496	0.0188703	0.0311281	0.00301701	0.11566	46	0	46	46	
7	8	4	28	6	4	200	9200	91	4186	0.00587439	0.00309708	0.00300045	0.0109587	46	0	46	46	
7	8	3	29	40	4	200	9200	85	3910	0.0572522	0.0421132	0.0101227	0.179184	46	0	46	46	
7	8	3	30	80	4	200	9200	50	2300	0.0391925	0.0377173	0.00316246	0.113866	46	0	46	46	
7	8	2	31	17	4	198	9108	98	4508	0.00639001	0.0034646	0.00301034	0.0159274	46	0	46	46	
7	8	3	32	76	4	200	9200	53	2438	0.0210539	0.0182647	0.00301538	0.0707553	46	0	46	46	
7	8	2	33	12	4	198	9108	87	4002	0.0122925	0.0192574	0.00301438	0.111742	46	0	46	46	
7	8	2	34	14	4	198	9108	99	4554	0.00481877	0.00256909	0.0030315	0.0111953	46	0	46	46	
7	8	3	35	73	4	200	9200	13	598	0.0650676	0.0601549	0.00950773	0.13438	46	0	46	46	
7	8	3	36	74	4	200	9200	69	3174	0.0471132	0.0354985	0.0100075	0.151528	46	0	46	46	
7	8	3	37	67	4	200	9200	100	4600	0.0382723	0.0275824	0.007223	0.105635	46	0	46	46	
7	8	2	38	18	4	200	9200	97	4462	0.00718384	0.00332561	0.0030283	0.0117965	46	0	46	46	
7	8	3	39	72	4	200	9200	109	5014	0.0309063	0.0251314	0.00887213	0.111867	46	0	46	46	
7	8	2	40	8	4	194	8924	4	184	0.112116	0.00384968	0.106345	0.114207	46	0	46	46	
7	8	6	41	3	4	200	9200	100	4600	0.00355567	0.000293364	0.00300348	0.00398349	46	0	46	46	
7	8	7	42	3	4	200	9200	100	4600	0.00340863	0.000310149	0.00300811	0.00399681	46	0	46	46	
7	8	8	43	1	4	200	9200	100	4600	0.00351824	0.000278441	0.00302144	0.00399945	46	0	46	46	
7	8	7	44	1	4	198	9108	99	4554	0.00382917	0.00102905	0.00300911	0.00798895	46	0	46	46	
7	8	10	45	3	4	198	9108	99	4554	0.0035007	0.000298049	0.00301054	0.00398995	46	0	46	46	
7	8	11	46	2	4	200	9200	100	4600	0.00359811	0.000262871	0.00300285	0.00399538	46	0	46	46	
7	8	12	47	1	4	196	9016	99	4554	0.00353126	0.000310791	0.00300831	0.00399198	46	0	46	46	
7	8	13	48	1	4	200	9200	100	4600	0.00358219	0.000344467	0.00302447	0.0048481	46	0	46	46	
7	8	3	49	18	4	200	9200	56	2576	0.0608659	0.0402902	0.00312857	0.139089	46	0	46	46	
7	8	6	50	6	4	200	9200	98	4508	0.0164738	0.0244539	0.00300631	0.110484	46	0	46	46	
7	8	5	51	5	4	200	9200	100	4600	0.00641831	0.00342116	0.00301781	0.0137053	46	0	46	46	
7	8	3	52	71	4	200	9200	48	2208	0.0896757	0.0654225	0.00308702	0.19203	46	0	46	46	
7	8	3	53	70	4	200	9200	96	4416	0.0214262	0.0157758	0.0030281	0.0702704	46	0	46	46	
7	8	3	54	79	4	200	9200	83	3818	0.0151922	0.0165023	0.00328274	0.0826098	46	0	46	46	
7	8	2	55	15	4	200	9200	100	4600	0.00520889	0.00260243	0.00301234	0.0118858	46	0	46	46	
7	8	2	56	13	4	200	9200	0	0	0	0	0	0	0	0	0	0	
7	8	2	57	9	4	200	9200	75	3450	0.0079263	0.00334646	0.00305816	0.0139702	46	0	46	46	
7	8	3	58	81	4	200	9200	97	4462	0.0702228	0.056081	0.00305693	0.201981	46	0	46	46	
7	8	3	59	83	4	200	9200	73	3358	0.061017	0.0631437	0.0031215	0.203734	46	0	46	46	
7	8	3	60	69	4	200	9200	78	3588	0.0294828	0.0219807	0.00315986	0.119485	46	0	46	46	
8	9	3	1	82	4	196	9016	89	4094	0.0503585	0.0382217	0.00377383	0.157754	46	0	46	46	
8	9	3	2	68	4	196	9016	83	3818	0.039721	0.02513	0.00301674	0.138002	46	0	46	46	
8	9	3	3	85	4	198	9108	103	4738	0.0218729	0.0143374	0.00310614	0.0547074	46	0	46	46	
8	9	3	4	43	4	200	9200	78	3588	0.0485606	0.0357768	0.00330407	0.137063	46	0	46	46	
8	9	3	5	49	4	198	9108	87	4002	0.0384456	0.0276259	0.0082264	0.126272	46	0	46	46	
8	9	3	6	65	4	204	9384	63	2898	0.0823667	0.0483667	0.00703957	0.159361	46	0	46	46	
8	9	6	7	8	4	196	9016	10	460	0.0700376	0.0628872	0.0101671	0.131016	46	0	46	46	
8	9	3	8	29	4	196	9016	49	2254	0.116257	0.0432103	0.0331703	0.198851	46	0	46	46	
8	9	3	9	77	4	196	9016	103	4738	0.0304643	0.0197774	0.00301171	0.0936901	46	0	46	46	
8	9	3	10	78	4	198	9108	99	4554	0.0187492	0.0113712	0.00302241	0.0534941	46	0	46	46	
8	9	5	11	3	4	204	9384	98	4508	0.0157071	0.0243233	0.00301938	0.111559	46	0	46	46	
8	9	3	12	86	4	196	9016	91	4186	0.0214136	0.0216435	0.00312107	0.110305	46	0	46	46	
8	9	3	13	31	4	206	9476	108	4968	0.0487376	0.038776	0.00302177	0.156908	46	0	46	46	
8	9	3	14	34	4	196	9016	103	4738	0.0310209	0.0180735	0.00427058	0.0811487	46	0	46	46	
8	9	3	15	59	4	206	9476	93	4278	0.0506117	0.0452483	0.00952139	0.188752	46	0	46	46	
8	9	3	16	44	4	196	9016	74	3404	0.0591047	0.0396055	0.00622357	0.15586	46	0	46	46	
8	9	3	17	75	4	206	9476	98	4508	0.0176561	0.015562	0.00308435	0.062525	46	0	46	46	
8	9	5	18	9	4	206	9476	102	4692	0.00873515	0.0030477	0.00304317	0.0128616	46	0	46	46	
8	9	5	19	10	4	196	9016	71	3266	0.0909966	0.0666147	0.00302824	0.197999	46	0	46	46	
8	9	9	20	5	4	196	9016	18	828	0.0136429	0.00623245	0.00399598	0.02436	46	0	46	46	
8	9	4	21	1	4	200	9200	99	4554	0.0133303	0.0212777	0.00302018	0.10491	46	0	46	46	
8	9	13	22	10	4	196	9016	98	4508	0.00900809	0.00344459	0.00327985	0.0204649	46	0	46	46	
8	9	3	23	46	4	196	9016	103	4738	0.0219945	0.014904	0.00368766	0.0786195	46	0	46	46	
8	9	3	24	45	4	196	9016	64	2944	0.0875197	0.0417931	0.0111899	0.15851	46	0	46	46	
8	9	13	25	11	4	196	9016	24	1104	0.0337058	0.0163605	0.00344349	0.0548648	46	0	46	46	
8	9	3	26	66	4	206	9476	67	3082	0.0497858	0.0437607	0.00302724	0.136262	46	0	46	46	
8	9	13	27	9	4	196	9016	76	3496	0.0741305	0.0630563	0.00649417	0.207886	46	0	46	46	
8	9	4	28	6	4	196	9016	100	4600	0.0176559	0.0196762	0.00310654	0.103286	46	0	46	46	
8	9	5	29	11	4	204	9384	16	736	0.0800385	0.0603661	0.00302158	0.130567	46	0	46	46	
8	9	3	30	80	4	196	9016	68	3128	0.0674184	0.0620483	0.0103031	0.224929	46	0	46	46	
8	9	2	31	17	4	206	9476	58	2668	0.11194	0.0444743	0.0164038	0.173874	46	0	46	46	
8	9	3	32	76	4	200	9200	86	3956	0.0358233	0.0239039	0.00306882	0.0761981	46	0	46	46	
8	9	2	33	12	4	196	9016	53	2438	0.0990129	0.0398463	0.0140398	0.18969	46	0	46	46	
8	9	10	34	6	4	196	9016	54	2484	0.0284553	0.0372555	0.00303574	0.114599	46	0	46	46	
8	9	11	35	7	4	204	9384	40	1840	0.0678208	0.0442108	0.0102609	0.135059	46	0	46	46	
8	9	3	36	74	4	198	9108	107	4922	0.0361063	0.023034	0.00756354	0.0929809	46	0	46	46	
8	9	3	37	67	4	196	9016	57	2622	0.0688108	0.0478234	0.00847964	0.170882	46	0	46	46	
8	9	2	38	18	4	196	9016	102	4692	0.00770588	0.00350132	0.00305993	0.011846	46	0	46	46	
8	9	3	39	72	4	196	9016	94	4324	0.0409557	0.0219889	0.00879582	0.0786334	46	0	46	46	
8	9	1	40	14	4	206	9476	74	3404	0.00984463	0.00194495	0.00337408	0.0115107	46	0	46	46	
8	9	6	41	3	4	196	9016	98	4508	0.00354716	0.000281785	0.00301838	0.00399738	46	0	46	46	
8	9	7	42	3	4	196	9016	99	4554	0.00342628	0.000296237	0.00301311	0.00399898	46	0	46	46	
8	9	8	43	1	4	204	9384	100	4600	0.00350144	0.000291583	0.00301594	0.00398729	46	0	46	46	
8	9	7	44	1	4	196	9016	98	4508	0.00357068	0.000309415	0.00301774	0.00399778	46	0	46	46	
8	9	10	45	3	4	206	9476	103	4738	0.00350119	0.000295064	0.00301634	0.00399455	46	0	46	46	
8	9	11	46	2	4	196	9016	98	4508	0.00356646	0.000284986	0.00300345	0.00399678	46	0	46	46	
8	9	12	47	1	4	206	9476	103	4738	0.00349547	0.000306516	0.00300202	0.00396973	46	0	46	46	
8	9	13	48	1	4	198	9108	99	4554	0.00397426	0.000786151	0.00302078	0.00693241	46	0	46	46	
8	9	3	49	18	4	196	9016	33	1518	0.100357	0.0481189	0.00813257	0.170203	46	0	46	46	
8	9	6	50	6	4	196	9016	103	4738	0.00850216	0.00326538	0.00301331	0.0119375	46	0	46	46	
8	9	5	51	5	4	204	9384	86	3956	0.00835669	0.00332105	0.00306113	0.0133035	46	0	46	46	
8	9	3	52	71	4	198	9108	45	2070	0.0613083	0.0353799	0.00315942	0.119662	46	0	46	46	
8	9	3	53	70	4	198	9108	97	4462	0.0343434	0.0193814	0.0083267	0.0864619	46	0	46	46	
8	9	3	54	79	4	200	9200	97	4462	0.0348514	0.0165387	0.0100095	0.0794044	46	0	46	46	
8	9	2	55	15	4	204	9384	31	1426	0.00462222	0.00210971	0.00305873	0.010069	46	0	46	46	
8	9	3	56	84	4	196	9016	74	3404	0.065778	0.0522793	0.00312794	0.166971	46	0	46	46	
8	9	2	57	9	4	200	9200	46	2116	0.0227548	0.0312459	0.00309402	0.103867	46	0	46	46	
8	9	3	58	81	4	204	9384	97	4462	0.0312004	0.0200396	0.0032145	0.0810936	46	0	46	46	
8	9	9	59	6	4	196	9016	62	2852	0.0696724	0.0509046	0.00317455	0.170075	46	0	46	46	
8	9	3	60	69	4	204	9384	88	4048	0.0664954	0.0452547	0.00481275	0.16717	46	0	46	46	
9	10	3	1	82	4	204	9384	68	3128	0.0889001	0.0450504	0.013299	0.194727	46	0	46	46	
9	10	3	2	68	4	204	9384	111	5106	0.0315604	0.0328479	0.00306613	0.141443	46	0	46	46	
9	10	3	3	85	4	202	9292	95	4370	0.0269423	0.0139437	0.00303164	0.057324	46	0	46	46	
9	10	3	4	43	4	192	8832	70	3220	0.091836	0.0446856	0.0202078	0.152435	46	0	46	46	
9	10	3	5	49	4	194	8924	54	2484	0.0607669	0.0420903	0.00347818	0.166092	46	0	46	46	
9	10	3	6	65	4	194	8924	101	4646	0.021609	0.0163281	0.00307926	0.0683801	46	0	46	46	
9	10	6	7	8	4	204	9384	102	4692	0.0104185	0.00101274	0.00427618	0.0133268	46	0	46	46	
9	10	3	8	29	4	204	9384	73	3358	0.0593691	0.0503427	0.00833289	0.208454	46	0	46	46	
9	10	3	9	77	4	202	9292	101	4646	0.0211471	0.018672	0.00313514	0.0970946	46	0	46	46	
9	10	3	10	78	4	202	9292	95	4370	0.0148678	0.0128714	0.00390915	0.0584522	46	0	46	46	
9	10	5	11	3	4	194	8924	92	4232	0.00626665	0.0051516	0.00300482	0.0240276	46	0	46	46	
9	10	3	12	86	4	204	9384	91	4186	0.0362057	0.0282621	0.00328931	0.121885	46	0	46	46	
9	10	3	13	31	4	192	8832	100	4600	0.0248039	0.0190873	0.00303144	0.0748642	46	0	46	46	
9	10	3	14	34	4	204	9384	101	4646	0.0191564	0.00967499	0.00589726	0.0552173	46	0	46	46	
9	10	3	15	59	4	194	8924	102	4692	0.0341978	0.0219973	0.0103612	0.0964261	46	0	46	46	
9	10	3	16	44	4	204	9384	57	2622	0.110171	0.0371046	0.0435823	0.174844	46	0	46	46	
9	10	3	17	75	4	192	8832	61	2806	0.0367431	0.045105	0.00526612	0.152919	46	0	46	46	
9	10	5	18	9	4	192	8832	97	4462	0.0105791	0.000592339	0.0100026	0.0138063	46	0	46	46	
9	10	5	19	10	4	204	9384	102	4692	0.00772413	0.00348767	0.00301288	0.0133492	46	0	46	46	
9	10	3	20	87	4	202	9292	19	874	0.0621079	0.0579025	0.00316582	0.130069	46	0	46	46	
9	10	4	21	1	4	192	8832	94	4324	0.0106946	0.0176583	0.00300158	0.103989	46	0	46	46	
9	10	13	22	10	4	204	9384	102	4692	0.0083261	0.00372579	0.00303327	0.0175528	46	0	46	46	
9	10	3	23	46	4	204	9384	100	4600	0.0169674	0.0176904	0.00302378	0.0599649	46	0	46	46	
9	10	3	24	45	4	204	9384	78	3588	0.0493301	0.0512671	0.00306616	0.146025	46	0	46	46	
9	10	13	25	11	4	202	9292	101	4646	0.0102788	0.000989841	0.00338818	0.0109715	46	0	46	46	
9	10	3	26	66	4	192	8832	1	46	0.149523	0	0.149523	0.149523	46	0	46	46	
9	10	13	27	9	4	204	9384	102	4692	0.0305497	0.0378286	0.00356514	0.202338	46	0	46	46	
9	10	4	28	6	4	204	9384	89	4094	0.0384884	0.0379827	0.0100343	0.111263	46	0	46	46	
9	10	5	29	11	4	194	8924	101	4646	0.00840321	0.00285768	0.00308189	0.0109663	46	0	46	46	
9	10	3	30	80	4	204	9384	6	276	0.111466	0.00362701	0.104078	0.113278	46	0	46	46	
9	10	2	31	17	4	194	8924	100	4600	0.0480668	0.0480862	0.00301791	0.160851	46	0	46	46	
9	10	3	32	76	4	192	8832	0	0	0	0	0	0	0	0	0	0	
9	10	2	33	12	4	204	9384	106	4876	0.0393836	0.0549553	0.00301045	0.195683	46	0	46	46	
9	10	10	34	6	4	204	9384	102	4692	0.00967186	0.00213809	0.00305383	0.0109794	46	0	46	46	
9	10	3	35	88	4	194	8924	56	2576	0.0256742	0.0308041	0.00305666	0.15989	46	0	46	46	
9	10	3	36	74	4	204	9384	101	4646	0.0237388	0.018053	0.00315573	0.083908	46	0	46	46	
9	10	3	37	67	4	204	9384	38	1748	0.0450322	0.0354722	0.00461196	0.1214	46	0	46	46	
9	10	2	38	18	4	204	9384	44	2024	0.00927155	0.00260023	0.00305586	0.0117609	46	0	46	46	
9	10	3	39	72	4	204	9384	41	1886	0.124998	0.0393624	0.0589204	0.193837	46	0	46	46	
9	10	1	40	14	4	192	8832	97	4462	0.010187	0.00144835	0.00338274	0.0114201	46	0	46	46	
9	10	6	41	3	4	202	9292	101	4646	0.0039866	0.000706197	0.00302741	0.00592391	46	0	46	46	
9	10	7	42	3	4	204	9384	101	4646	0.00342515	0.000299877	0.00300278	0.00399452	46	0	46	46	
9	10	8	43	1	4	194	8924	99	4554	0.00351527	0.000287016	0.00300238	0.00399975	46	0	46	46	
9	10	7	44	1	4	204	9384	102	4692	0.00359196	0.000300394	0.00301308	0.00399229	46	0	46	46	
9	10	10	45	3	4	192	8832	96	4416	0.00351485	0.000445122	0.00300865	0.0058805	46	0	46	46	
9	10	11	46	2	4	204	9384	102	4692	0.00362068	0.000410156	0.00300442	0.00492008	46	0	46	46	
9	10	12	47	1	4	192	8832	96	4416	0.00354019	0.000292234	0.00301228	0.00399292	46	0	46	46	
9	10	13	48	1	4	202	9292	101	4646	0.00370568	0.000436566	0.00301511	0.0049604	46	0	46	46	
9	10	3	49	18	4	204	9384	9	414	0.112502	0.00834559	0.103109	0.120692	46	0	46	46	
9	10	6	50	6	4	204	9384	76	3496	0.019354	0.0259033	0.00309562	0.110791	46	0	46	46	
9	10	5	51	5	4	194	8924	38	1748	0.123587	0.0270698	0.0571624	0.163213	46	0	46	46	
9	10	3	52	71	4	202	9292	93	4278	0.0544372	0.0502436	0.00329394	0.177929	46	0	46	46	
9	10	3	53	70	4	202	9292	107	4922	0.0317943	0.0137613	0.00715836	0.0569322	46	0	46	46	
9	10	3	54	79	4	192	8832	102	4692	0.0221065	0.0147934	0.00584358	0.065774	46	0	46	46	
9	10	3	55	89	4	194	8924	30	1380	0.0134371	0.0114451	0.00304677	0.0315712	46	0	46	46	
9	10	3	56	84	4	204	9384	40	1840	0.0894976	0.0411189	0.0395829	0.195519	46	0	46	46	
9	10	10	57	7	4	192	8832	96	4416	0.00824132	0.00306411	0.0030506	0.0128732	46	0	46	46	
9	10	3	58	81	4	194	8924	90	4140	0.03151	0.0295281	0.00571949	0.161561	46	0	46	46	
9	10	5	59	12	4	204	9384	101	4646	0.00697556	0.00333947	0.00300078	0.0118696	46	0	46	46	
9	10	3	60	69	4	194	8924	101	4646	0.0183285	0.0125561	0.0034951	0.0660456	46	0	46	46	
10	11	3	1	82	4	192	8832	51	2346	0.0795587	0.0418465	0.00300538	0.161753	46	0	46	46	
10	11	3	2	68	4	192	8832	98	4508	0.0247083	0.0196919	0.00307056	0.0769265	46	0	46	46	
10	11	3	3	85	4	194	8924	100	4600	0.0217501	0.0159195	0.00303424	0.0803607	46	0	46	46	
10	11	3	4	43	4	204	9384	102	4692	0.0181255	0.0110062	0.00313634	0.0414158	46	0	46	46	
10	11	3	5	49	4	202	9292	108	4968	0.03549	0.029454	0.00330724	0.13559	46	0	46	46	
10	11	3	6	65	4	206	9476	100	4600	0.0174463	0.0161057	0.00310425	0.0878326	46	0	46	46	
10	11	3	7	92	4	204	9384	69	3174	0.0128985	0.0104724	0.00310262	0.0804045	46	0	46	46	
10	11	3	8	29	4	192	8832	64	2944	0.0922401	0.0466655	0.0118657	0.159162	46	0	46	46	
10	11	7	9	7	4	204	9384	58	2668	0.0135415	0.00840548	0.00303021	0.0358629	46	0	46	46	
10	11	7	10	6	4	204	9384	66	3036	0.0104986	0.00207501	0.00333286	0.0164811	46	0	46	46	
10	11	5	11	3	4	206	9476	100	4600	0.0272482	0.0336678	0.00302658	0.127378	46	0	46	46	
10	11	3	12	86	4	192	8832	50	2300	0.0546345	0.0442138	0.00472592	0.133467	46	0	46	46	
10	11	3	13	31	4	206	9476	102	4692	0.0239586	0.0231392	0.00300658	0.0947647	46	0	46	46	
10	11	3	14	34	4	192	8832	97	4462	0.0169243	0.00983818	0.00315833	0.0450048	46	0	46	46	
10	11	3	15	59	4	204	9384	73	3358	0.0318728	0.0332458	0.00308912	0.118698	46	0	46	46	
10	11	3	16	44	4	194	8924	103	4738	0.0213472	0.0191996	0.0030443	0.0774239	46	0	46	46	
10	11	3	17	75	4	206	9476	86	3956	0.0510819	0.0453994	0.00473195	0.157551	46	0	46	46	
10	11	5	18	9	4	204	9384	102	4692	0.010245	0.00131051	0.00389722	0.0139269	46	0	46	46	
10	11	5	19	10	4	192	8832	87	4002	0.026984	0.0362914	0.00303887	0.11097	46	0	46	46	
10	11	9	20	7	4	204	9384	21	966	0.0830381	0.0528801	0.0101611	0.128224	46	0	46	46	
10	11	3	21	93	4	204	9384	65	2990	0.0189008	0.0285387	0.00300738	0.103341	46	0	46	46	
10	11	4	22	12	4	192	8832	52	2392	0.0260534	0.0472582	0.00312118	0.176653	46	0	46	46	
10	11	3	23	46	4	190	8740	90	4140	0.0162634	0.0114678	0.00311271	0.0519114	46	0	46	46	
10	11	3	24	45	4	204	9384	24	1104	0.127686	0.0176049	0.106257	0.170432	46	0	46	46	
10	11	13	25	11	4	204	9384	96	4416	0.0102794	0.00127945	0.00345149	0.0131743	46	0	46	46	
10	11	3	26	66	4	204	9384	61	2806	0.103394	0.0517815	0.0108595	0.17259	46	0	46	46	
10	11	13	27	9	4	192	8832	96	4416	0.00942324	0.00212388	0.00364845	0.0136991	46	0	46	46	
10	11	4	28	6	4	192	8832	50	2300	0.0104768	0.000331664	0.010001	0.0112963	46	0	46	46	
10	11	5	29	11	4	204	9384	72	3312	0.0484756	0.0416103	0.00330341	0.142087	46	0	46	46	
10	11	1	30	15	4	192	8832	71	3266	0.0102837	0.00123692	0.00396703	0.0109961	46	0	46	46	
10	11	2	31	17	4	204	9384	44	2024	0.0460124	0.0420274	0.00310505	0.110393	46	0	46	46	
10	11	3	32	76	4	204	9384	72	3312	0.039612	0.0331144	0.0057011	0.166085	46	0	46	46	
10	11	2	33	12	4	204	9384	96	4416	0.0086336	0.00307069	0.00300052	0.0109868	46	0	46	46	
10	11	10	34	6	4	204	9384	58	2668	0.0134971	0.0213423	0.00311211	0.124872	46	0	46	46	
10	11	3	35	88	4	204	9384	82	3772	0.0290138	0.0162428	0.00685807	0.113364	46	0	46	46	
10	11	3	36	74	4	192	8832	97	4462	0.0204522	0.0157115	0.00313574	0.0689446	46	0	46	46	
10	11	11	37	8	4	192	8832	38	1748	0.0792065	0.0506386	0.00515003	0.154895	46	0	46	46	
10	11	2	38	18	4	194	8924	82	3772	0.0213079	0.0281984	0.00302311	0.141678	46	0	46	46	
10	11	3	39	72	4	192	8832	83	3818	0.0530443	0.0482694	0.00307699	0.152401	46	0	46	46	
10	11	1	40	14	4	206	9476	103	4738	0.01022	0.00126284	0.00439741	0.0109943	46	0	46	46	
10	11	6	41	3	4	196	9016	96	4416	0.00361644	0.000367027	0.00301568	0.00478766	46	0	46	46	
10	11	7	42	3	4	192	8832	97	4462	0.0034409	0.000307834	0.00300012	0.00399732	46	0	46	46	
10	11	8	43	1	4	206	9476	103	4738	0.00352835	0.000282332	0.00301445	0.00399992	46	0	46	46	
10	11	7	44	1	4	204	9384	102	4692	0.00369862	0.00073887	0.00300415	0.00798296	46	0	46	46	
10	11	10	45	3	4	206	9476	103	4738	0.0040524	0.000958402	0.00301748	0.00641357	46	0	46	46	
10	11	11	46	2	4	192	8832	96	4416	0.00356676	0.000289935	0.00301848	0.00399389	46	0	46	46	
10	11	12	47	1	4	206	9476	103	4738	0.0035229	0.000287431	0.00300858	0.00399712	46	0	46	46	
10	11	13	48	1	4	192	8832	96	4416	0.00385525	0.00081955	0.00300395	0.0068591	46	0	46	46	
10	11	4	49	13	4	204	9384	38	1748	0.0969047	0.0520284	0.00315023	0.14638	46	0	46	46	
10	11	3	50	90	4	192	8832	71	3266	0.0161082	0.00826548	0.0037005	0.0469495	46	0	46	46	
10	11	3	51	91	4	206	9476	105	4830	0.0646033	0.0688778	0.00312864	0.199124	46	0	46	46	
10	11	3	52	71	4	192	8832	102	4692	0.023769	0.0192391	0.00300758	0.0760988	46	0	46	46	
10	11	3	53	70	4	192	8832	96	4416	0.0224747	0.0118788	0.00311754	0.0502893	46	0	46	46	
10	11	3	54	79	4	204	9384	48	2208	0.0487682	0.0514646	0.00607116	0.164013	46	0	46	46	
10	11	2	55	19	4	206	9476	27	1242	0.0428342	0.0399323	0.0037723	0.111525	46	0	46	46	
10	11	3	56	84	4	192	8832	7	322	0.159513	0.00934277	0.138485	0.163854	46	0	46	46	
10	11	10	57	7	4	204	9384	102	4692	0.0104972	0.00115461	0.00325276	0.0139059	46	0	46	46	
10	11	13	58	12	4	204	9384	25	1150	0.0690321	0.0467414	0.00378571	0.121026	46	0	46	46	
10	11	5	59	12	4	192	8832	89	4094	0.0262724	0.0306493	0.00343416	0.110853	46	0	46	46	
10	11	3	60	69	4	206	9476	103	4738	0.01857	0.0110611	0.00310322	0.0494981	46	0	46	46	
11	12	1	1	16	4	200	9200	43	1978	0.0815055	0.0504446	0.0101292	0.171835	46	0	46	46	
11	12	3	2	68	4	200	9200	100	4600	0.0177447	0.0127424	0.00300575	0.0558415	46	0	46	46	
11	12	1	3	17	4	200	9200	67	3082	0.0553559	0.0506483	0.00309652	0.134841	46	0	46	46	
11	12	3	4	43	4	200	9200	100	4600	0.0135126	0.00971945	0.00318189	0.0361938	46	0	46	46	
11	12	3	5	49	4	200	9200	100	4600	0.0155228	0.00992588	0.00303438	0.0532097	46	0	46	46	
11	12	1	6	18	4	200	9200	68	3128	0.0571068	0.0505422	0.00378571	0.159324	46	0	46	46	
11	12	3	7	92	4	200	9200	100	4600	0.0153242	0.014495	0.00301965	0.0663272	46	0	46	46	
11	12	1	8	19	4	198	9108	49	2254	0.0626345	0.0434891	0.00426602	0.142776	46	0	46	46	
11	12	7	9	7	4	188	8648	100	4600	0.00976421	0.00215472	0.00312661	0.0132269	46	0	46	46	
11	12	7	10	6	4	194	8924	100	4600	0.0103211	0.00112179	0.00464175	0.0136218	46	0	46	46	
11	12	5	11	3	4	200	9200	100	4600	0.0164339	0.0254847	0.00300049	0.10629	46	0	46	46	
11	12	3	12	86	4	200	9200	58	2668	0.0760604	0.042076	0.0101474	0.123854	46	0	46	46	
11	12	3	13	31	4	200	9200	101	4646	0.0194591	0.0102922	0.00303841	0.0488889	46	0	46	46	
11	12	3	14	34	4	200	9200	100	4600	0.0102501	0.00605461	0.00302571	0.0382099	46	0	46	46	
11	12	5	15	14	4	200	9200	84	3864	0.0559291	0.0412712	0.00303114	0.120664	46	0	46	46	
11	12	5	16	15	4	200	9200	85	3910	0.0155425	0.0117444	0.00304004	0.0685683	46	0	46	46	
11	12	3	17	75	4	200	9200	105	4830	0.0124	0.0123618	0.00338748	0.0526335	46	0	46	46	
11	12	5	18	9	4	202	9292	49	2254	0.0179949	0.0284415	0.00302431	0.14032	46	0	46	46	
11	12	5	19	10	4	200	9200	72	3312	0.0733577	0.0493986	0.0033219	0.172144	46	0	46	46	
11	12	9	20	7	4	188	8648	99	4554	0.0196718	0.0257702	0.00398999	0.110218	46	0	46	46	
11	12	3	21	93	4	200	9200	100	4600	0.0122414	0.014081	0.00301622	0.0850265	46	0	46	46	
11	12	4	22	12	4	200	9200	96	4416	0.0138271	0.0141028	0.00358484	0.110431	46	0	46	46	
11	12	12	23	3	4	200	9200	69	3174	0.0647152	0.0452988	0.0031581	0.137907	46	0	46	46	
11	12	13	24	14	4	200	9200	64	2944	0.0740703	0.0591393	0.00308906	0.158289	46	0	46	46	
11	12	13	25	11	4	188	8648	25	1150	0.0362404	0.0317152	0.00317686	0.110838	46	0	46	46	
11	12	13	26	13	4	200	9200	65	2990	0.0100897	0.0021398	0.00303318	0.0139432	46	0	46	46	
11	12	3	27	96	4	198	9108	52	2392	0.0138357	0.0145441	0.0031397	0.104558	46	0	46	46	
11	12	4	28	6	4	200	9200	89	4094	0.0266522	0.0329341	0.00321338	0.110928	46	0	46	46	
11	12	5	29	11	4	202	9292	91	4186	0.0363475	0.0459905	0.00303258	0.173053	46	0	46	46	
11	12	1	30	15	4	200	9200	100	4600	0.010184	0.00147023	0.00301968	0.0109997	46	0	46	46	
11	12	2	31	17	4	200	9200	113	5198	0.0164716	0.0212156	0.00304287	0.103077	46	0	46	46	
11	12	3	32	76	4	200	9200	100	4600	0.0148968	0.0134829	0.00340564	0.0522792	46	0	46	46	
11	12	2	33	12	4	200	9200	99	4554	0.00590154	0.00322614	0.00300875	0.0119396	46	0	46	46	
11	12	3	34	94	4	200	9200	73	3358	0.00823368	0.00465201	0.00310078	0.0215721	46	0	46	46	
11	12	2	35	20	4	200	9200	74	3404	0.0663769	0.043319	0.00736712	0.147708	46	0	46	46	
11	12	3	36	74	4	200	9200	93	4278	0.021519	0.0261395	0.00315463	0.107857	46	0	46	46	
11	12	3	37	95	4	200	9200	74	3404	0.00903742	0.0117353	0.00300332	0.10323	46	0	46	46	
11	12	2	38	18	4	200	9200	93	4278	0.0103617	0.00125005	0.00307676	0.0127116	46	0	46	46	
11	12	3	39	72	4	200	9200	100	4600	0.0148932	0.0129004	0.00306546	0.0618982	46	0	46	46	
11	12	1	40	14	4	200	9200	100	4600	0.00978821	0.00206535	0.00305294	0.0109944	46	0	46	46	
11	12	6	41	3	4	196	9016	100	4600	0.00355665	0.000291782	0.00301542	0.00399505	46	0	46	46	
11	12	7	42	3	4	200	9200	100	4600	0.00345545	0.000307802	0.00301885	0.00399402	46	0	46	46	
11	12	8	43	1	4	200	9200	100	4600	0.00348589	0.000287759	0.00300572	0.0039765	46	0	46	46	
11	12	7	44	1	4	200	9200	98	4508	0.00367083	0.000650077	0.00300352	0.00686267	46	0	46	46	
11	12	10	45	3	4	200	9200	100	4600	0.00405773	0.000760501	0.00301925	0.00562256	46	0	46	46	
11	12	11	46	2	4	200	9200	100	4600	0.0035431	0.000290377	0.00301278	0.00398273	46	0	46	46	
11	12	12	47	1	4	200	9200	100	4600	0.00351446	0.000297483	0.00300312	0.00399222	46	0	46	46	
11	12	13	48	1	4	200	9200	100	4600	0.00359242	0.000379246	0.00301422	0.00494724	46	0	46	46	
11	12	4	49	13	4	200	9200	99	4554	0.0103179	0.00155208	0.00311691	0.0179432	46	0	46	46	
11	12	3	50	90	4	200	9200	100	4600	0.0159982	0.0106166	0.00311468	0.0509831	46	0	46	46	
11	12	5	51	13	4	200	9200	89	4094	0.0203694	0.0161516	0.00328318	0.0628056	46	0	46	46	
11	12	3	52	71	4	200	9200	100	4600	0.0164387	0.0131279	0.00309089	0.0693373	46	0	46	46	
11	12	3	53	14	4	200	9200	73	3358	0.0327571	0.0423215	0.0037067	0.136404	46	0	46	46	
11	12	13	54	15	4	200	9200	29	1334	0.0351652	0.0447975	0.00527409	0.114053	46	0	46	46	
11	12	2	55	19	4	200	9200	99	4554	0.00955454	0.00221946	0.00391292	0.0119456	46	0	46	46	
11	12	3	56	84	4	200	9200	102	4692	0.0294311	0.0392084	0.00336066	0.130914	46	0	46	46	
11	12	10	57	7	4	200	9200	100	4600	0.0106651	0.000916918	0.00582192	0.0139289	46	0	46	46	
11	12	13	58	12	4	202	9292	101	4646	0.00850413	0.00300513	0.00302025	0.0109874	46	0	46	46	
11	12	5	59	12	4	200	9200	77	3542	0.0549113	0.0482118	0.00302874	0.200926	46	0	46	46	
11	12	3	60	69	4	200	9200	99	4554	0.00907611	0.00420454	0.00316353	0.0165753	46	0	46	46	
12	13	1	1	16	4	206	9476	103	4738	0.00624237	0.00335598	0.00300792	0.0109603	46	0	46	46	
12	13	1	2	21	4	206	9476	58	2668	0.0528412	0.0479957	0.00301882	0.134589	46	0	46	46	
12	13	1	3	17	4	206	9476	89	4094	0.00653312	0.00349243	0.00304364	0.011973	46	0	46	46	
12	13	3	4	43	4	204	9384	95	4370	0.0115972	0.00683082	0.00308902	0.026039	46	0	46	46	
12	13	1	5	23	4	206	9476	78	3588	0.0108934	0.0058074	0.00309752	0.0230999	46	0	46	46	
12	13	1	6	18	4	190	8740	96	4416	0.00736222	0.00383283	0.00300186	0.0243808	46	0	46	46	
12	13	1	7	22	4	192	8832	81	3726	0.0774852	0.0739294	0.00304987	0.208368	46	0	46	46	
12	13	1	8	19	4	206	9476	70	3220	0.0169103	0.0237556	0.00309309	0.110838	46	0	46	46	
12	13	7	9	7	4	204	9384	84	3864	0.0148883	0.0247457	0.00300612	0.129977	46	0	46	46	
12	13	1	10	20	4	198	9108	62	2852	0.0187097	0.022503	0.00839918	0.113984	46	0	46	46	
12	13	5	11	3	4	190	8740	95	4370	0.00853531	0.00292583	0.00311688	0.0141255	46	0	46	46	
12	13	5	12	17	4	204	9384	94	4324	0.0230418	0.0274004	0.00309729	0.110362	46	0	46	46	
12	13	3	13	31	4	190	8740	95	4370	0.00763011	0.00458306	0.00300146	0.0169296	46	0	46	46	
12	13	5	14	16	4	204	9384	79	3634	0.0113576	0.0170576	0.00308946	0.10791	46	0	46	46	
12	13	5	15	14	4	190	8740	95	4370	0.00845173	0.00401776	0.00302225	0.0239456	46	0	46	46	
12	13	5	16	15	4	206	9476	102	4692	0.00964936	0.00236039	0.00309852	0.0125703	46	0	46	46	
12	13	3	17	18	4	188	8648	93	4278	0.0178482	0.0261644	0.00318326	0.107893	46	0	46	46	
12	13	5	18	9	4	188	8648	37	1702	0.127896	0.012653	0.116553	0.148291	46	0	46	46	
12	13	5	19	10	4	204	9384	77	3542	0.0549214	0.0450819	0.00303557	0.149863	46	0	46	46	
12	13	9	20	7	4	206	9476	103	4738	0.00993452	0.00184794	0.00302831	0.0120733	46	0	46	46	
12	13	3	21	93	4	204	9384	95	4370	0.00774742	0.00414882	0.00300106	0.0177141	46	0	46	46	
12	13	4	22	12	4	206	9476	101	4646	0.0110217	0.00151098	0.0056968	0.0155755	46	0	46	46	
12	13	12	23	3	4	206	9476	103	4738	0.00899902	0.00296035	0.0030501	0.0109954	46	0	46	46	
12	13	13	24	14	4	190	8740	98	4508	0.00888607	0.00323513	0.00301678	0.0124565	46	0	46	46	
12	13	3	25	97	4	204	9384	56	2576	0.0108974	0.0013696	0.0056191	0.0134165	46	0	46	46	
12	13	13	26	13	4	204	9384	95	4370	0.00730945	0.00280989	0.00352506	0.0113518	46	0	46	46	
12	13	3	27	96	4	206	9476	95	4370	0.0108393	0.0136244	0.00303658	0.110755	46	0	46	46	
12	13	4	28	6	4	206	9476	62	2852	0.101138	0.0571582	0.00529302	0.197847	46	0	46	46	
12	13	5	29	11	4	190	8740	96	4416	0.00923055	0.00254307	0.00308982	0.0145757	46	0	46	46	
12	13	1	30	15	4	204	9384	102	4692	0.00806708	0.00320637	0.00301478	0.0109867	46	0	46	46	
12	13	11	31	9	4	190	8740	66	3036	0.0219304	0.0246114	0.00311285	0.110864	46	0	46	46	
12	13	3	32	76	4	204	9384	93	4278	0.00658847	0.00339477	0.0030622	0.0192054	46	0	46	46	
12	13	3	33	98	4	192	8832	65	2990	0.00739942	0.00377752	0.00303154	0.016795	46	0	46	46	
12	13	3	34	94	4	192	8832	102	4692	0.00770262	0.00386678	0.00301802	0.0156278	46	0	46	46	
12	13	11	35	10	4	190	8740	56	2576	0.0353129	0.0379061	0.00386627	0.123664	46	0	46	46	
12	13	10	36	8	4	204	9384	46	2116	0.07127	0.0570469	0.00304687	0.150583	46	0	46	46	
12	13	3	37	95	4	204	9384	102	4692	0.0098118	0.00580396	0.00302245	0.0238566	46	0	46	46	
12	13	11	38	11	4	204	9384	52	2392	0.024808	0.0318875	0.00390582	0.110773	46	0	46	46	
12	13	3	39	72	4	206	9476	99	4554	0.0144302	0.0251658	0.00301155	0.103886	46	0	46	46	
12	13	1	40	14	4	190	8740	95	4370	0.00749285	0.00342683	0.00301598	0.010972	46	0	46	46	
12	13	6	41	3	4	206	9476	103	4738	0.00352943	0.000300918	0.00301578	0.00399902	46	0	46	46	
12	13	7	42	3	4	206	9476	103	4738	0.00343552	0.000295541	0.00300246	0.00399702	46	0	46	46	
12	13	8	43	1	4	190	8740	95	4370	0.00348742	0.000283875	0.00300046	0.00399459	46	0	46	46	
12	13	7	44	1	4	192	8832	98	4508	0.00373046	0.000847009	0.00300589	0.00994398	46	0	46	46	
12	13	10	45	3	4	190	8740	95	4370	0.00373086	0.000552862	0.00300509	0.00499542	46	0	46	46	
12	13	11	46	2	4	206	9476	103	4738	0.00355359	0.000285742	0.00301115	0.00398309	46	0	46	46	
12	13	12	47	1	4	190	8740	95	4370	0.00347555	0.000289096	0.00300872	0.00399906	46	0	46	46	
12	13	13	48	1	4	206	9476	103	4738	0.00355766	0.000301777	0.00300166	0.00399926	46	0	46	46	
12	13	4	49	13	4	192	8832	103	4738	0.00962637	0.00226556	0.00305574	0.0120683	46	0	46	46	
12	13	3	50	90	4	206	9476	101	4646	0.0114194	0.00663411	0.00300592	0.0328386	46	0	46	46	
12	13	5	51	13	4	190	8740	90	4140	0.0263511	0.0342546	0.00300309	0.12724	46	0	46	46	
12	13	3	52	71	4	206	9476	103	4738	0.00743431	0.00390126	0.00300289	0.0193633	46	0	46	46	
12	13	4	53	14	4	206	9476	103	4738	0.010228	0.00169387	0.00301015	0.014285	46	0	46	46	
12	13	13	54	15	4	204	9384	95	4370	0.00939703	0.0027266	0.00303638	0.0133651	46	0	46	46	
12	13	2	55	19	4	190	8740	39	1794	0.051971	0.0533751	0.00462819	0.134276	46	0	46	46	
12	13	3	56	84	4	206	9476	103	4738	0.00615905	0.00338225	0.00303514	0.0158384	46	0	46	46	
12	13	10	57	7	4	204	9384	95	4370	0.0104949	0.00107421	0.00337272	0.0137743	46	0	46	46	
12	13	13	58	12	4	188	8648	88	4048	0.00826454	0.00361689	0.00301135	0.018699	46	0	46	46	
12	13	5	59	12	4	206	9476	103	4738	0.0094199	0.00294385	0.00306017	0.0186195	46	0	46	46	
12	13	3	60	69	4	190	8740	96	4416	0.00803247	0.00374405	0.00306077	0.0174161	46	0	46	46	
13	14	1	1	16	4	190	8740	95	4370	0.00986949	0.0022438	0.00311222	0.0177702	46	0	46	46	
13	14	1	2	21	4	188	8648	94	4324	0.00849336	0.00320858	0.00304058	0.0120894	46	0	46	46	
13	14	1	3	17	4	190	8740	74	3404	0.0415446	0.0378906	0.00304138	0.124333	46	0	46	46	
13	14	6	4	9	4	192	8832	86	3956	0.00894595	0.00255192	0.00306137	0.0141701	46	0	46	46	
13	14	6	5	10	4	190	8740	57	2622	0.0445536	0.0418528	0.003157	0.119912	46	0	46	46	
13	14	1	6	18	4	206	9476	85	3910	0.0524191	0.0441728	0.00310475	0.126245	46	0	46	46	
13	14	1	7	22	4	206	9476	93	4278	0.00843537	0.00359229	0.00300042	0.0134576	46	0	46	46	
13	14	1	8	19	4	206	9476	77	3542	0.0256485	0.0365686	0.00302018	0.133935	46	0	46	46	
13	14	3	9	99	4	208	9568	78	3588	0.00877372	0.00264738	0.00313138	0.0131576	46	0	46	46	
13	14	1	10	20	4	208	9568	94	4324	0.0203821	0.0271463	0.00339951	0.108335	46	0	46	46	
13	14	5	11	3	4	208	9568	104	4784	0.00796622	0.00442979	0.0030539	0.0172266	46	0	46	46	
13	14	5	12	17	4	190	8740	51	2346	0.00827953	0.00333425	0.00302565	0.011357	46	0	46	46	
13	14	3	13	31	4	206	9476	103	4738	0.0075872	0.00358156	0.00301415	0.0128612	46	0	46	46	
13	14	5	14	16	4	206	9476	95	4370	0.00911854	0.00298039	0.00305044	0.0128755	46	0	46	46	
13	14	5	15	14	4	208	9568	102	4692	0.0266364	0.036044	0.00300626	0.113296	46	0	46	46	
13	14	5	16	15	4	190	8740	94	4324	0.0128078	0.0179111	0.00304501	0.110599	46	0	46	46	
13	14	5	17	18	4	208	9568	102	4692	0.00835185	0.0117625	0.00300909	0.107687	46	0	46	46	
13	14	5	18	9	4	208	9568	59	2714	0.0886542	0.046932	0.0216632	0.201845	46	0	46	46	
13	14	5	19	10	4	198	9108	91	4186	0.0142948	0.019546	0.00302785	0.104839	46	0	46	46	
13	14	9	20	7	4	206	9476	94	4324	0.0104012	0.00131117	0.00317293	0.0180103	46	0	46	46	
13	14	3	21	93	4	192	8832	103	4738	0.00808269	0.00391984	0.00301595	0.014912	46	0	46	46	
13	14	4	22	12	4	190	8740	80	3680	0.0245754	0.0311209	0.00757185	0.123846	46	0	46	46	
13	14	12	23	3	4	206	9476	74	3404	0.0180363	0.0277174	0.00301615	0.110897	46	0	46	46	
13	14	4	24	18	4	208	9568	41	1886	0.0297254	0.0398133	0.0054288	0.110368	46	0	46	46	
13	14	4	25	17	4	208	9568	28	1288	0.0208538	0.0245215	0.00941064	0.106942	46	0	46	46	
13	14	13	26	13	4	194	8924	104	4784	0.00890776	0.00286194	0.00301012	0.0127676	46	0	46	46	
13	14	3	27	96	4	206	9476	25	1150	0.0406531	0.0455133	0.00585758	0.117679	46	0	46	46	
13	14	4	28	6	4	190	8740	39	1794	0.108619	0.0255425	0.0551308	0.15396	46	0	46	46	
13	14	5	29	11	4	206	9476	103	4738	0.00779402	0.00362443	0.00301818	0.0184688	46	0	46	46	
13	14	1	30	15	4	190	8740	95	4370	0.0057567	0.00293957	0.00302058	0.012025	46	0	46	46	
13	14	3	31	102	4	206	9476	53	2438	0.0923981	0.0663326	0.00319612	0.184899	46	0	46	46	
13	14	11	32	12	4	192	8832	54	2484	0.0132042	0.0205442	0.00302362	0.125668	46	0	46	46	
13	14	3	33	98	4	208	9568	103	4738	0.00780314	0.00356566	0.00307103	0.013778	46	0	46	46	
13	14	3	34	94	4	208	9568	56	2576	0.0163686	0.0188829	0.00472662	0.110551	46	0	46	46	
13	14	11	35	10	4	208	9568	78	3588	0.0624974	0.0470793	0.00312511	0.204799	46	0	46	46	
13	14	11	36	13	4	190	8740	44	2024	0.00962511	0.00254863	0.00300686	0.0125759	46	0	46	46	
13	14	3	37	95	4	190	8740	95	4370	0.00897712	0.00370771	0.00304421	0.0149889	46	0	46	46	
13	14	3	38	100	4	190	8740	52	2392	0.00781219	0.00407223	0.0030672	0.0130571	46	0	46	46	
13	14	2	39	22	4	190	8740	11	506	0.0320098	0.0481539	0.0101124	0.138927	46	0	46	46	
13	14	2	40	23	4	206	9476	56	2576	0.0625625	0.0579825	0.00305064	0.200516	46	0	46	46	
13	14	6	41	3	4	206	9476	103	4738	0.00351903	0.000311205	0.00300122	0.00397903	46	0	46	46	
13	14	7	42	3	4	190	8740	95	4370	0.00345981	0.000303152	0.00301152	0.00398933	46	0	46	46	
13	14	8	43	1	4	206	9476	103	4738	0.00351364	0.000295156	0.00300002	0.00399979	46	0	46	46	
13	14	7	44	1	4	206	9476	103	4738	0.0035497	0.000310111	0.00301172	0.00399316	46	0	46	46	
13	14	10	45	3	4	206	9476	103	4738	0.00368023	0.000547667	0.00300949	0.00495744	46	0	46	46	
13	14	11	46	2	4	188	8648	94	4324	0.00354917	0.000291194	0.00301695	0.00399942	46	0	46	46	
13	14	12	47	1	4	206	9476	103	4738	0.00345332	0.000278849	0.00300182	0.00399456	46	0	46	46	
13	14	13	48	1	4	190	8740	95	4370	0.00354473	0.000306874	0.00300346	0.00399919	46	0	46	46	
13	14	4	49	13	4	206	9476	103	4738	0.00879736	0.00301115	0.00304561	0.0111049	46	0	46	46	
13	14	3	50	90	4	190	8740	97	4462	0.0111724	0.00464267	0.00310432	0.0189258	46	0	46	46	
13	14	5	51	13	4	208	9568	67	3082	0.0401061	0.0471024	0.00302585	0.124268	46	0	46	46	
13	14	3	52	71	4	190	8740	95	4370	0.006776	0.00334454	0.00306237	0.0113529	46	0	46	46	
13	14	4	53	14	4	190	8740	68	3128	0.0105035	0.0016382	0.00357951	0.0119689	46	0	46	46	
13	14	4	54	15	4	192	8832	80	3680	0.0255735	0.0311708	0.00309422	0.112384	46	0	46	46	
13	14	3	55	101	4	206	9476	80	3680	0.038977	0.0450424	0.00300342	0.126754	46	0	46	46	
13	14	3	56	84	4	190	8740	95	4370	0.0105887	0.0034565	0.00353593	0.0189516	46	0	46	46	
13	14	10	57	7	4	192	8832	52	2392	0.0540119	0.0606505	0.00334506	0.173883	46	0	46	46	
13	14	4	58	16	4	208	9568	13	598	0.0599701	0.038957	0.0211229	0.132636	46	0	46	46	
13	14	5	59	12	4	188	8648	50	2300	0.00943505	0.00352776	0.00305107	0.0189354	46	0	46	46	
13	14	3	60	69	4	208	9568	104	4784	0.00910499	0.00286645	0.00314527	0.0142835	46	0	46	46	
