% start	end	CellId	IMSI	RNTI	LCID	nTxPDUs	TxBytes	nRxPDUs	RxBytes	delay	stdDev	min	max	PduSize	stdDev	min	max
0	1	3	1	39	4	28	6386	14	3193	0.0075	0.00348072	0.003	0.01	228.071	127.949	48	476	
0	1	1	2	1	4	148	7104	69	3312	0.00624638	0.00351637	0.003	0.01	48	0	48	48	
0	1	3	3	20	4	32	6482	16	3241	0.0086875	0.00282179	0.003	0.01	202.562	139.326	48	523	
0	1	6	4	1	4	146	7008	25	1200	0.00944	0.00636448	0.003	0.024	48	0	48	48	
0	1	1	5	2	4	148	7104	73	3504	0.00932877	0.00207535	0.003	0.01	48	0	48	48	
0	1	6	6	2	4	146	7008	72	3456	0.00815278	0.00310683	0.003	0.01	48	0	48	48	
0	1	3	7	3	4	28	6576	14	3288	0.009	0.00254196	0.003	0.01	234.857	128.464	48	476	
0	1	3	8	29	4	32	6768	16	3384	0.0095625	0.00175	0.003	0.01	211.5	116.351	48	476	
0	1	3	9	19	4	32	6766	16	3383	0.0078125	0.00335099	0.003	0.01	211.438	59.9477	96	286	
0	1	3	10	5	4	24	6384	8	2856	0.0135	0.00748331	0.003	0.024	357	292.787	48	903	
0	1	5	11	3	4	146	7008	73	3504	0.00549315	0.00337525	0.003	0.01	48	0	48	48	
0	1	5	12	4	4	148	7104	73	3504	0.00693151	0.00349734	0.003	0.01	48	0	48	48	
0	1	3	13	31	4	30	6006	15	3003	0.00906667	0.00447958	0.003	0.017	200.2	105.006	48	381	
0	1	3	14	34	4	32	6578	16	3289	0.0095625	0.00175	0.003	0.01	205.563	158.797	48	666	
0	1	3	15	8	4	30	6956	14	3430	0.011	0.00374166	0.003	0.017	245	167.609	48	571	
0	1	8	16	3	4	148	7104	8	384	0.00475	0.00324037	0.003	0.01	48	0	48	48	
0	1	8	17	2	4	148	7104	73	3504	0.00635616	0.00352124	0.003	0.01	48	0	48	48	
0	1	5	18	2	4	148	7104	73	3504	0.00673973	0.00351595	0.003	0.01	48	0	48	48	
0	1	3	19	41	4	138	6910	21	1008	0.00366667	0.00210555	0.003	0.01	48	0	48	48	
0	1	9	20	1	4	146	7008	72	3456	0.01	0	0.01	0.01	48	0	48	48	
0	1	4	21	1	4	148	7104	73	3504	0.00942466	0.0019359	0.003	0.01	48	0	48	48	
0	1	13	22	2	4	148	7104	44	2112	0.00681818	0.00630715	0.003	0.024	48	0	48	48	
0	1	4	23	5	4	148	7104	74	3552	0.00318919	0.00114288	0.003	0.01	48	0	48	48	
0	1	4	24	3	4	146	7008	73	3504	0.00338356	0.00160408	0.003	0.01	48	0	48	48	
0	1	3	25	37	4	30	6864	14	3336	0.01	0.00475556	0.003	0.017	238.286	141.967	96	666	
0	1	3	26	23	4	26	6386	11	2527	0.00936364	0.00211058	0.003	0.01	229.727	127.273	48	476	
0	1	3	27	2	4	28	6766	12	2764	0.00941667	0.00202073	0.003	0.01	230.333	144.452	48	571	
0	1	3	28	28	4	36	6864	17	2814	0.00670588	0.00360147	0.003	0.01	165.529	115.318	48	428	
0	1	3	29	40	4	112	6422	43	2587	0.00560465	0.00432677	0.003	0.017	60.1628	66.5203	48	476	
0	1	4	30	4	4	148	7104	73	3504	0.00760274	0.00334473	0.003	0.01	48	0	48	48	
0	1	3	31	24	4	28	6762	14	3381	0.008	0.00328165	0.003	0.01	241.5	163.943	48	618	
0	1	3	32	22	4	34	6676	17	3338	0.0087647	0.00275067	0.003	0.01	196.353	123.382	48	571	
0	1	3	33	38	4	28	6576	8	2238	0.009125	0.00247487	0.003	0.01	279.75	206.891	48	713	
0	1	3	34	4	4	26	5908	10	1907	0.0086	0.00295146	0.003	0.01	190.7	160.041	48	476	
0	1	2	35	1	4	146	7008	73	3504	0.00769863	0.00331111	0.003	0.01	48	0	48	48	
0	1	10	36	1	4	148	7104	67	3216	0.00780597	0.00475216	0.003	0.024	48	0	48	48	
0	1	2	37	2	4	148	7104	58	2784	0.00493103	0.00315596	0.003	0.01	48	0	48	48	
0	1	10	38	2	4	148	7104	73	3504	0.00769863	0.00331111	0.003	0.01	48	0	48	48	
0	1	2	39	3	4	144	7104	25	1200	0.00496	0.0032078	0.003	0.01	48	0	48	48	
0	1	11	40	3	4	38	6672	9	908	0.01	0.0035	0.003	0.017	100.889	64.9739	48	191	
0	1	6	41	3	4	148	7104	74	3552	0.003	0	0.003	0.003	48	0	48	48	
0	1	7	42	3	4	148	7104	74	3552	0.003	0	0.003	0.003	48	0	48	48	
0	1	8	43	1	4	146	7008	73	3504	0.003	0	0.003	0.003	48	0	48	48	
0	1	7	44	1	4	146	7008	73	3504	0.003	0	0.003	0.003	48	0	48	48	
0	1	10	45	3	4	146	7008	73	3504	0.003	0	0.003	0.003	48	0	48	48	
0	1	11	46	2	4	148	7104	74	3552	0.003	0	0.003	0.003	48	0	48	48	
0	1	12	47	1	4	148	7104	73	3504	0.003	0	0.003	0.003	48	0	48	48	
0	1	13	48	1	4	148	7104	74	3552	0.003	0	0.003	0.003	48	0	48	48	
0	1	3	49	18	4	32	6768	16	3384	0.0065	0.00361478	0.003	0.01	211.5	93.3352	48	333	
0	1	7	50	2	4	148	7104	35	1680	0.0138	0.00686337	0.003	0.024	48	0	48	48	
0	1	5	51	5	4	146	7008	73	3504	0.00347945	0.00178037	0.003	0.01	48	0	48	48	
0	1	3	52	32	4	28	6668	8	2332	0.01175	0.00324037	0.01	0.017	291.5	188.969	48	523	
0	1	3	53	35	4	28	6386	13	2670	0.0116154	0.00507508	0.003	0.024	205.385	113.743	48	381	
0	1	3	54	7	4	30	6290	15	3145	0.00813333	0.00320416	0.003	0.01	209.667	126.749	48	476	
0	1	3	55	1	4	32	6484	16	3242	0.0078125	0.00335099	0.003	0.01	202.625	152.608	48	618	
0	1	3	56	21	4	26	6482	6	1525	0.0065	0.00383406	0.003	0.01	254.167	179.59	48	571	
0	1	11	57	1	4	148	7104	73	3504	0.01	0	0.01	0.01	48	0	48	48	
0	1	3	58	30	4	34	6866	16	3052	0.0065	0.00361478	0.003	0.01	190.75	112.378	48	428	
0	1	3	59	6	4	30	6770	15	3385	0.0104667	0.00492612	0.003	0.017	225.667	130.13	48	476	
0	1	3	60	17	4	32	6960	15	3099	0.00953333	0.00180739	0.003	0.01	206.6	117.348	48	476	
1	2	3	1	39	4	34	9716	17	4858	0.00958823	0.00389003	0.003	0.017	285.765	146.324	96	713	
1	2	3	2	47	4	192	9312	76	3696	0.00327631	0.00137209	0.003	0.01	48.6316	5.50598	48	96	
1	2	3	3	20	4	36	9532	18	4766	0.00766667	0.0033955	0.003	0.01	264.778	166.346	96	666	
1	2	3	4	43	4	120	9468	14	2526	0.0095	0.00187083	0.003	0.01	180.429	154.969	48	523	
1	2	1	5	2	4	198	9504	99	4752	0.00985858	0.000989847	0.003	0.01	48	0	48	48	
1	2	6	6	2	4	200	9600	99	4752	0.0070303	0.0034772	0.003	0.01	48	0	48	48	
1	2	3	7	3	4	38	9246	19	4623	0.00926316	0.00220711	0.003	0.01	243.316	146.713	48	618	
1	2	3	8	29	4	36	8956	18	4478	0.00766667	0.0033955	0.003	0.01	248.778	139.733	48	571	
1	2	3	9	19	4	30	9426	13	3904	0.01	0.00404145	0.003	0.017	300.308	139.042	96	523	
1	2	3	10	5	4	40	9910	24	6146	0.00883333	0.00266485	0.003	0.01	256.083	187.292	48	618	
1	2	5	11	3	4	200	9600	100	4800	0.00489	0.00312337	0.003	0.01	48	0	48	48	
1	2	5	12	4	4	200	9600	95	4560	0.00823158	0.00305779	0.003	0.01	48	0	48	48	
1	2	3	13	31	4	32	9330	16	4665	0.0095625	0.00175	0.003	0.01	291.562	245.274	48	856	
1	2	3	14	34	4	38	9054	19	4527	0.00889474	0.00351022	0.003	0.017	238.263	139.013	48	571	
1	2	3	15	8	4	32	9048	15	3905	0.0109333	0.00447958	0.003	0.017	260.333	182.039	48	713	
1	2	3	16	44	4	116	8994	13	2337	0.00838461	0.00419401	0.003	0.017	179.769	149.217	48	523	
1	2	8	17	2	4	198	9504	90	4320	0.00673333	0.00526767	0.003	0.024	48	0	48	48	
1	2	5	18	2	4	194	9502	48	2304	0.00635417	0.00353397	0.003	0.01	48	0	48	48	
1	2	3	19	41	4	42	9152	21	4576	0.00766667	0.00404145	0.003	0.017	217.905	128.782	48	523	
1	2	5	20	6	4	198	9504	47	2256	0.00806383	0.0057838	0.003	0.024	48	0	48	48	
1	2	4	21	1	4	198	9504	99	4752	0.00893939	0.00252262	0.003	0.01	48	0	48	48	
1	2	13	22	2	4	198	9504	19	912	0.00521053	0.00334297	0.003	0.01	48	0	48	48	
1	2	3	23	46	4	188	9120	72	3504	0.00397222	0.0024378	0.003	0.01	48.6667	5.65685	48	96	
1	2	3	24	45	4	184	8832	87	4176	0.00372414	0.00214416	0.003	0.01	48	0	48	48	
1	2	3	25	37	4	42	9340	22	4766	0.00840909	0.00526135	0.003	0.017	216.636	200.347	48	903	
1	2	3	26	23	4	30	9996	12	4284	0.00941667	0.00555073	0.003	0.024	357	193.53	96	618	
1	2	3	27	2	4	32	8574	18	4383	0.01	0	0.01	0.01	243.5	173.767	48	523	
1	2	3	28	28	4	38	9342	20	5289	0.00825	0.00310983	0.003	0.01	264.45	156.764	48	618	
1	2	3	29	40	4	34	9242	17	4621	0.0087647	0.00275067	0.003	0.01	271.824	202.038	48	713	
1	2	13	30	3	4	200	9600	77	3696	0.00545454	0.00336212	0.003	0.01	48	0	48	48	
1	2	3	31	24	4	32	9142	15	4380	0.0086	0.00289828	0.003	0.01	292	183.844	48	808	
1	2	3	32	22	4	32	9712	16	4856	0.0069375	0.00358643	0.003	0.01	303.5	194.691	48	761	
1	2	3	33	38	4	36	9626	10	3761	0.0114	0.00722957	0.003	0.024	376.1	197.176	143	666	
1	2	3	34	4	4	46	10576	1	143	0.003	0	0.003	0.003	143	0	143	143	
1	2	2	35	1	4	200	9600	97	4656	0.00754639	0.00335727	0.003	0.01	48	0	48	48	
1	2	10	36	1	4	200	9600	60	2880	0.00615	0.00435627	0.003	0.017	48	0	48	48	
1	2	3	37	42	4	104	9178	50	4493	0.00594	0.00376563	0.003	0.017	89.86	92.9709	48	476	
1	2	10	38	2	4	198	9504	84	4032	0.00683333	0.00350502	0.003	0.01	48	0	48	48	
1	2	3	39	48	4	192	9408	5	288	0.0086	0.0031305	0.003	0.01	57.6	21.4663	48	96	
1	2	11	40	3	4	196	9504	78	3792	0.013141	0.00664054	0.003	0.024	48.6154	5.43493	48	96	
1	2	6	41	3	4	200	9600	100	4800	0.003	0	0.003	0.003	48	0	48	48	
1	2	7	42	3	4	198	9504	99	4752	0.003	0	0.003	0.003	48	0	48	48	
1	2	8	43	1	4	200	9600	100	4800	0.003	0	0.003	0.003	48	0	48	48	
1	2	7	44	1	4	200	9600	100	4800	0.003	0	0.003	0.003	48	0	48	48	
1	2	10	45	3	4	200	9600	100	4800	0.003	0	0.003	0.003	48	0	48	48	
1	2	11	46	2	4	200	9600	99	4752	0.003	0	0.003	0.003	48	0	48	48	
1	2	12	47	1	4	198	9504	100	4800	0.003	0	0.003	0.003	48	0	48	48	
1	2	13	48	1	4	200	9600	99	4752	0.003	0	0.003	0.003	48	0	48	48	
1	2	3	49	18	4	34	9618	15	4000	0.0086	0.00289828	0.003	0.01	266.667	171.995	48	713	
1	2	1	50	3	4	198	9504	60	2880	0.00626667	0.00352168	0.003	0.01	48	0	48	48	
1	2	5	51	5	4	200	9600	100	4800	0.003	0	0.003	0.003	48	0	48	48	
1	2	3	52	32	4	38	9050	11	1625	0.00872727	0.0052553	0.003	0.017	147.727	124.732	48	476	
1	2	3	53	35	4	34	9716	16	4619	0.0121875	0.00421456	0.01	0.024	288.688	163.29	48	666	
1	2	3	54	7	4	42	10198	20	4576	0.01035	0.00275824	0.003	0.017	228.8	147.533	48	571	
1	2	3	55	1	4	40	9622	20	4811	0.00825	0.00310983	0.003	0.01	240.55	180.685	48	618	
1	2	3	56	21	4	36	9906	0	0	0	0	0	0	0	0	0	0	
1	2	11	57	1	4	198	9504	76	3648	0.00677631	0.00565119	0.003	0.024	48	0	48	48	
1	2	3	58	30	4	34	9240	18	5001	0.00883333	0.00360147	0.003	0.017	277.833	175.707	48	761	
1	2	5	59	7	4	46	9532	10	1621	0.0093	0.00516505	0.003	0.017	162.1	55.8121	48	238	
1	2	3	60	17	4	32	9334	13	4095	0.0116154	0.00507508	0.003	0.024	315	190.612	143	761	
2	3	1	1	5	4	42	9718	17	3764	0.00794118	0.00328768	0.003	0.01	221.412	176.19	48	523	
2	3	3	2	47	4	26	8378	13	4189	0.00946154	0.00194145	0.003	0.01	322.231	145.262	48	571	
2	3	1	3	4	4	62	9918	28	4387	0.008	0.00374166	0.003	0.017	156.679	151.872	48	523	
2	3	3	4	43	4	26	9234	13	4617	0.01	0	0.01	0.01	355.154	193.517	96	761	
2	3	3	5	49	4	78	9450	23	3957	0.0093913	0.00417502	0.003	0.024	172.043	198.962	48	856	
2	3	6	6	2	4	200	9600	100	4800	0.00741	0.00339666	0.003	0.01	48	0	48	48	
2	3	3	7	3	4	36	10100	17	4669	0.0104118	0.00169775	0.01	0.017	274.647	152.512	96	523	
2	3	3	8	29	4	36	9910	18	4955	0.00883333	0.00268438	0.003	0.01	275.278	142.48	96	571	
2	3	1	9	6	4	40	9716	17	4001	0.00794118	0.00328768	0.003	0.01	235.353	207.492	48	618	
2	3	3	10	5	4	28	8478	14	4239	0.01	0	0.01	0.01	302.786	168.315	96	761	
2	3	5	11	3	4	198	9504	99	4752	0.00406061	0.00252262	0.003	0.01	48	0	48	48	
2	3	5	12	4	4	198	9504	98	4704	0.0065	0.00379433	0.003	0.017	48	0	48	48	
2	3	3	13	31	4	30	10280	15	5140	0.00953333	0.00180739	0.003	0.01	342.667	214.073	48	903	
2	3	3	14	34	4	36	10008	18	5004	0.00766667	0.0033955	0.003	0.01	278	187.969	48	903	
2	3	3	15	8	4	24	9424	8	2666	0.009125	0.00247487	0.003	0.01	333.25	193.293	96	618	
2	3	3	16	44	4	20	9514	3	1427	0.0146667	0.0080829	0.01	0.024	475.667	170.986	286	618	
2	3	3	17	55	4	150	9292	51	3446	0.00794118	0.00598803	0.003	0.024	67.5686	72.4768	48	428	
2	3	3	18	57	4	158	9308	5	288	0.0058	0.00383406	0.003	0.01	57.6	21.4663	48	96	
2	3	3	19	41	4	26	9424	11	3713	0.01	0	0.01	0.01	337.545	147.974	48	666	
2	3	3	20	58	4	196	9408	73	3504	0.00367123	0.00207535	0.003	0.01	48	0	48	48	
2	3	4	21	1	4	200	9600	74	3552	0.01	0.00477723	0.003	0.024	48	0	48	48	
2	3	3	22	53	4	118	8326	10	1811	0.0079	0.00338132	0.003	0.01	181.1	173.223	48	476	
2	3	3	23	46	4	34	9618	17	4809	0.00670588	0.00360147	0.003	0.01	282.882	122.807	143	618	
2	3	3	24	45	4	38	10194	19	5097	0.00594737	0.0035508	0.003	0.01	268.263	121.788	96	523	
2	3	3	25	37	4	36	9622	17	4620	0.00670588	0.00360147	0.003	0.01	271.765	136.15	48	571	
2	3	13	26	5	4	34	9144	15	3336	0.0086	0.00289828	0.003	0.01	222.4	142.186	48	476	
2	3	3	27	2	4	34	10188	17	5094	0.00588235	0.0035511	0.003	0.01	299.647	147.122	48	666	
2	3	3	28	28	4	34	8954	16	4286	0.0086875	0.00458576	0.003	0.017	267.875	100.953	143	428	
2	3	3	29	40	4	26	8666	13	4333	0.00946154	0.00194145	0.003	0.01	333.308	226.075	48	903	
2	3	3	30	54	4	140	8906	9	1525	0.00844444	0.00765034	0.003	0.024	169.444	191.68	48	523	
2	3	3	31	24	4	38	9908	20	5477	0.0065	0.00359092	0.003	0.01	273.85	138.577	96	523	
2	3	3	32	22	4	30	9426	15	4713	0.0072	0.00354965	0.003	0.01	314.2	204.645	143	951	
2	3	3	33	38	4	36	9526	31	8383	0.00954839	0.00401529	0.003	0.017	270.419	151.372	48	713	
2	3	10	34	4	4	134	9000	65	3738	0.00989231	0.00151165	0.003	0.017	57.5077	55.2223	48	428	
2	3	3	35	50	4	76	8116	17	3050	0.00711765	0.00556644	0.003	0.024	179.412	166.776	48	618	
2	3	3	36	51	4	78	8218	14	2909	0.007	0.00359487	0.003	0.01	207.786	184.155	48	761	
2	3	3	37	42	4	34	9526	16	4382	0.00825	0.00478191	0.003	0.017	273.875	131.522	48	618	
2	3	3	38	52	4	94	8222	29	3247	0.00806896	0.00318401	0.003	0.01	111.966	116.689	48	381	
2	3	3	39	48	4	32	8574	16	4287	0.007375	0.0035	0.003	0.01	267.937	128.522	96	571	
2	3	2	40	5	4	200	9600	78	3744	0.00596154	0.00348072	0.003	0.01	48	0	48	48	
2	3	6	41	3	4	198	9504	99	4752	0.003	0	0.003	0.003	48	0	48	48	
2	3	7	42	3	4	200	9600	100	4800	0.003	0	0.003	0.003	48	0	48	48	
2	3	8	43	1	4	200	9600	99	4752	0.003	0	0.003	0.003	48	0	48	48	
2	3	7	44	1	4	200	9600	99	4752	0.003	0	0.003	0.003	48	0	48	48	
2	3	10	45	3	4	200	9600	99	4752	0.003	0	0.003	0.003	48	0	48	48	
2	3	11	46	2	4	198	9504	100	4800	0.003	0	0.003	0.003	48	0	48	48	
2	3	12	47	1	4	200	9600	100	4800	0.003	0	0.003	0.003	48	0	48	48	
2	3	13	48	1	4	198	9504	100	4800	0.003	0	0.003	0.003	48	0	48	48	
2	3	3	49	18	4	28	8950	13	4570	0.00838461	0.0030697	0.003	0.01	351.538	117.223	143	523	
2	3	1	50	3	4	200	9600	99	4752	0.00809091	0.0031334	0.003	0.01	48	0	48	48	
2	3	5	51	5	4	200	9600	98	4704	0.00314286	0.000994832	0.003	0.01	48	0	48	48	
2	3	3	52	32	4	32	10096	27	8192	0.0107778	0.00296561	0.003	0.017	303.407	142.64	143	713	
2	3	3	53	35	4	34	9148	18	4765	0.00727778	0.00351142	0.003	0.01	264.722	102.026	96	476	
2	3	3	54	7	4	34	9336	18	5191	0.00494444	0.00322622	0.003	0.01	288.389	165.04	143	761	
2	3	2	55	4	4	86	9836	35	2774	0.0092	0.00225962	0.003	0.01	79.2571	114.118	48	666	
2	3	3	56	56	4	134	9284	24	2293	0.003875	0.00236482	0.003	0.01	95.5417	112.946	48	428	
2	3	11	57	1	4	200	9600	70	3360	0.0052	0.00484723	0.003	0.024	48	0	48	48	
2	3	13	58	4	4	44	9722	19	4289	0.00889474	0.00262244	0.003	0.01	225.737	187.303	48	618	
2	3	5	59	7	4	198	9504	97	4656	0.00386598	0.00231674	0.003	0.01	48	0	48	48	
2	3	6	60	4	4	44	9528	14	2764	0.0075	0.00348072	0.003	0.01	197.429	171.704	48	428	
3	4	1	1	5	4	200	9600	100	4800	0.00524	0.00328178	0.003	0.01	48	0	48	48	
3	4	1	2	9	4	124	10896	60	4544	0.00358333	0.00233827	0.003	0.017	75.7333	117.202	48	666	
3	4	1	3	4	4	198	9504	99	4752	0.00441414	0.00282485	0.003	0.01	48	0	48	48	
3	4	3	4	43	4	22	9328	11	4664	0.01	0	0.01	0.01	424	222.302	191	856	
3	4	3	5	49	4	26	9330	13	4665	0.0110769	0.00262874	0.01	0.017	358.846	259.9	48	903	
3	4	1	6	7	4	198	9504	89	4272	0.00441573	0.00282766	0.003	0.01	48	0	48	48	
3	4	3	7	3	4	26	8948	14	4855	0.01	0	0.01	0.01	346.786	184.942	143	666	
3	4	3	8	29	4	24	7810	12	3905	0.00883333	0.00272475	0.003	0.01	325.417	183.143	96	618	
3	4	1	9	6	4	194	9600	91	4512	0.00623077	0.00350896	0.003	0.01	49.5824	8.6179	48	96	
3	4	1	10	10	4	82	10208	34	4768	0.00917647	0.00228924	0.003	0.01	140.235	182.328	48	808	
3	4	5	11	3	4	200	9600	15	720	0.00486667	0.00320416	0.003	0.01	48	0	48	48	
3	4	5	12	4	4	200	9600	100	4800	0.00839	0.00296067	0.003	0.01	48	0	48	48	
3	4	3	13	31	4	34	9334	17	4667	0.00917647	0.0033955	0.003	0.017	274.529	138.956	96	618	
3	4	3	14	34	4	34	9524	16	4619	0.009125	0.0035	0.003	0.017	288.688	172.017	96	713	
3	4	3	15	59	4	128	9662	51	3827	0.00945098	0.00439233	0.003	0.024	75.0392	70.7064	48	286	
3	4	3	16	44	4	36	9524	18	4810	0.01	0.00415862	0.003	0.017	267.222	138.406	48	523	
3	4	3	17	55	4	38	9052	18	4098	0.00805555	0.00526333	0.003	0.017	227.667	91.4266	96	428	
3	4	3	18	57	4	38	9434	19	4717	0.00742105	0.00346916	0.003	0.01	248.263	110.379	48	428	
3	4	9	19	2	4	56	9822	22	3292	0.00968182	0.00402831	0.003	0.017	149.636	96.5251	48	381	
3	4	3	20	58	4	38	9338	11	2763	0.00681818	0.00365563	0.003	0.01	251.182	85.3133	143	476	
3	4	4	21	1	4	200	9600	25	1200	0.00356	0.00193821	0.003	0.01	48	0	48	48	
3	4	3	22	53	4	32	10472	16	5236	0.0086875	0.00282179	0.003	0.01	327.25	137.563	96	666	
3	4	3	23	46	4	40	9718	19	4668	0.00668421	0.00359092	0.003	0.01	245.684	99.2908	48	381	
3	4	3	24	45	4	28	8952	12	3857	0.00941667	0.00555073	0.003	0.024	321.417	158.307	143	618	
3	4	3	25	37	4	46	9534	24	4958	0.00504167	0.00325014	0.003	0.01	206.583	103.584	48	428	
3	4	13	26	5	4	198	9504	100	4800	0.01063	0.00360038	0.003	0.017	48	0	48	48	
3	4	3	27	2	4	32	9904	15	4334	0.00906667	0.00361478	0.003	0.017	288.933	173.545	96	666	
3	4	4	28	6	4	46	9906	21	4572	0.00766667	0.00338132	0.003	0.01	217.714	214.361	48	713	
3	4	3	29	40	4	30	10472	9	3237	0.0115556	0.00308671	0.01	0.017	359.667	331.568	96	1093	
3	4	3	30	54	4	24	9802	12	4901	0.01175	0.00435107	0.01	0.024	408.417	247.657	48	856	
3	4	3	31	24	4	32	9524	16	4762	0.009125	0.00239096	0.003	0.01	297.625	184.783	96	666	
3	4	2	32	6	4	50	9440	21	4147	0.0103333	0.00412715	0.003	0.017	197.476	166.182	48	523	
3	4	3	33	38	4	34	8858	17	4429	0.00917647	0.00232474	0.003	0.01	260.529	186.398	48	713	
3	4	10	34	4	4	200	9600	81	3888	0.00974074	0.0013302	0.003	0.01	48	0	48	48	
3	4	3	35	50	4	38	10858	18	5333	0.00922222	0.00530877	0.003	0.017	296.278	163.326	96	808	
3	4	3	36	51	4	38	10670	17	4811	0.00752941	0.00491322	0.003	0.017	283	172.493	96	761	
3	4	2	37	7	4	48	9246	19	3196	0.00926316	0.00612683	0.003	0.017	168.211	153.009	48	523	
3	4	3	38	52	4	40	10386	20	5193	0.00685	0.00357292	0.003	0.01	259.65	213.32	48	951	
3	4	3	39	48	4	20	7332	9	3475	0.00533333	0.0035	0.003	0.01	386.111	246.246	96	856	
3	4	10	40	5	4	198	9504	94	4512	0.00947872	0.00373512	0.003	0.024	48	0	48	48	
3	4	6	41	3	4	200	9600	100	4800	0.003	0	0.003	0.003	48	0	48	48	
3	4	7	42	3	4	200	9600	99	4752	0.003	0	0.003	0.003	48	0	48	48	
3	4	8	43	1	4	198	9504	100	4800	0.003	0	0.003	0.003	48	0	48	48	
3	4	7	44	1	4	198	9504	100	4800	0.003	0	0.003	0.003	48	0	48	48	
3	4	10	45	3	4	198	9504	100	4800	0.003	0	0.003	0.003	48	0	48	48	
3	4	11	46	2	4	200	9600	100	4800	0.003	0	0.003	0.003	48	0	48	48	
3	4	12	47	1	4	198	9504	99	4752	0.003	0	0.003	0.003	48	0	48	48	
3	4	13	48	1	4	200	9600	100	4800	0.003	0	0.003	0.003	48	0	48	48	
3	4	3	49	18	4	30	9904	13	6200	0.00892308	0.00262874	0.003	0.01	476.923	252.52	143	839	
3	4	1	50	3	4	198	9600	99	4800	0.00547475	0.0033635	0.003	0.01	48.4848	4.82418	48	96	
3	4	5	51	5	4	198	9504	98	4704	0.00528571	0.00329948	0.003	0.01	48	0	48	48	
3	4	3	52	32	4	34	9144	17	4572	0.00835294	0.00306066	0.003	0.01	268.941	148.268	96	571	
3	4	3	53	35	4	38	10002	19	5001	0.00852631	0.00374712	0.003	0.017	263.211	113.432	48	523	
3	4	3	54	7	4	42	9626	21	4813	0.006	0.0041833	0.003	0.017	229.19	110.967	96	523	
3	4	2	55	4	4	198	9504	99	4752	0.01	0	0.01	0.01	48	0	48	48	
3	4	3	56	56	4	38	9432	19	4716	0.00815789	0.0031669	0.003	0.01	248.211	97.0112	96	428	
3	4	11	57	1	4	200	9600	81	3888	0.0100864	0.00302984	0.003	0.024	48	0	48	48	
3	4	13	58	4	4	198	9504	99	4752	0.00872727	0.0027136	0.003	0.01	48	0	48	48	
3	4	5	59	7	4	200	9600	99	4752	0.00526263	0.00329064	0.003	0.01	48	0	48	48	
3	4	1	60	8	4	198	9504	99	4752	0.00406061	0.00252262	0.003	0.01	48	0	48	48	
4	5	1	1	5	4	196	9504	99	4800	0.00356566	0.00191749	0.003	0.01	48.4848	4.82418	48	96	
4	5	1	2	9	4	196	9504	97	4704	0.00350515	0.00182074	0.003	0.01	48.4948	4.87366	48	96	
4	5	3	3	64	4	186	9596	82	4270	0.00359756	0.00196801	0.003	0.01	52.0732	17.0698	48	143	
4	5	3	4	43	4	24	8950	12	4475	0.0111667	0.00404145	0.003	0.017	372.917	159.339	48	666	
4	5	3	5	49	4	26	9336	12	4335	0.00883333	0.00404145	0.003	0.017	361.25	152.79	48	523	
4	5	3	6	65	4	172	9592	70	3408	0.0043	0.00274179	0.003	0.01	48.6857	5.7371	48	96	
4	5	3	7	3	4	24	10088	5	2759	0.0128	0.00383406	0.01	0.017	551.8	179.795	428	856	
4	5	3	8	29	4	26	11140	12	4333	0.01	0	0.01	0.01	361.083	361.412	48	1191	
4	5	3	9	63	4	148	8914	66	3312	0.00501515	0.00363526	0.003	0.017	50.1818	10.075	48	96	
4	5	6	10	5	4	196	9504	82	3984	0.00641463	0.00352049	0.003	0.01	48.5854	5.30071	48	96	
4	5	5	11	3	4	194	9504	0	0	0	0	0	0	0	0	0	0	
4	5	5	12	4	4	196	9600	97	4752	0.0073299	0.00341785	0.003	0.01	48.9897	6.85641	48	96	
4	5	3	13	31	4	46	9632	23	4816	0.00726087	0.00349308	0.003	0.01	209.391	158.74	48	571	
4	5	3	14	34	4	42	9628	19	4196	0.00742105	0.00346916	0.003	0.01	220.842	140.953	48	476	
4	5	3	15	59	4	40	9722	20	4861	0.00755	0.00342552	0.003	0.01	243.05	125.153	48	476	
4	5	3	16	44	4	36	9910	14	3764	0.0095	0.00332242	0.003	0.017	268.857	148.704	48	666	
4	5	9	17	3	4	46	9624	13	2716	0.0116154	0.00419401	0.01	0.024	208.923	170.762	48	428	
4	5	3	18	57	4	32	9148	16	4574	0.00825	0.0031305	0.003	0.01	285.875	169.811	96	618	
4	5	3	19	61	4	110	9180	20	2910	0.00965	0.00156525	0.003	0.01	145.5	131.262	48	523	
4	5	3	20	58	4	46	9730	25	5151	0.0086	0.00534634	0.003	0.017	206.04	87.4612	48	381	
4	5	4	21	1	4	196	9504	92	4464	0.00954348	0.00356544	0.003	0.024	48.5217	5.00435	48	96	
4	5	3	22	53	4	36	9240	18	4620	0.00805555	0.00322622	0.003	0.01	256.667	134.553	48	571	
4	5	3	23	46	4	30	8570	16	4476	0.00825	0.0031305	0.003	0.01	279.75	155.948	48	523	
4	5	3	24	45	4	40	10006	21	4813	0.009	0.00401248	0.003	0.017	229.19	170.393	48	666	
4	5	3	25	37	4	42	9438	21	4719	0.009	0.00401248	0.003	0.017	224.714	117.428	48	428	
4	5	13	26	5	4	192	9598	74	3552	0.0082027	0.00531728	0.003	0.024	48	0	48	48	
4	5	3	27	2	4	38	9242	20	5239	0.00755	0.00342552	0.003	0.01	261.95	168.497	48	618	
4	5	4	28	6	4	198	9600	98	4752	0.0065	0.00351799	0.003	0.01	48.4898	4.84873	48	96	
4	5	3	29	40	4	32	9998	8	2904	0.01525	0.00324037	0.01	0.017	363	131.877	238	571	
4	5	13	30	6	4	48	9628	17	3242	0.00835294	0.00306066	0.003	0.01	190.706	176.984	48	618	
4	5	3	31	24	4	42	9628	20	4433	0.00755	0.00411	0.003	0.017	221.65	132.806	48	428	
4	5	11	32	6	4	198	9600	70	3408	0.0077	0.00390225	0.003	0.017	48.6857	5.7371	48	96	
4	5	3	33	38	4	46	10200	22	5004	0.0065	0.0041833	0.003	0.017	227.455	178.928	48	666	
4	5	3	34	60	4	88	9170	21	3481	0.00733333	0.00412715	0.003	0.017	165.762	106.882	48	333	
4	5	2	35	10	4	46	9342	16	3239	0.00825	0.00542218	0.003	0.017	202.438	175.596	48	618	
4	5	2	36	11	4	46	9156	18	3719	0.0103889	0.00377513	0.003	0.017	206.611	163.862	48	571	
4	5	2	37	7	4	196	9504	92	4416	0.00611956	0.00349833	0.003	0.01	48	0	48	48	
4	5	3	38	52	4	38	9336	19	4668	0.01	0.00233333	0.003	0.017	245.684	125.955	48	523	
4	5	3	39	48	4	22	11422	5	2952	0.0142	0.00626099	0.003	0.017	590.4	404.16	238	1191	
4	5	2	40	8	4	198	9600	86	4176	0.00755814	0.00426368	0.003	0.024	48.5581	5.17597	48	96	
4	5	6	41	3	4	196	9504	98	4752	0.003	0	0.003	0.003	48.4898	4.84873	48	96	
4	5	7	42	3	4	198	9600	99	4800	0.003	0	0.003	0.003	48.4848	4.82418	48	96	
4	5	8	43	1	4	200	9600	100	4800	0.003	0	0.003	0.003	48	0	48	48	
4	5	7	44	1	4	196	9504	98	4752	0.003	0	0.003	0.003	48.4898	4.84873	48	96	
4	5	10	45	3	4	198	9600	99	4800	0.003	0	0.003	0.003	48.4848	4.82418	48	96	
4	5	11	46	2	4	196	9600	98	4800	0.003	0	0.003	0.003	48.9796	6.82171	48	96	
4	5	12	47	1	4	200	9600	100	4800	0.003	0	0.003	0.003	48	0	48	48	
4	5	13	48	1	4	200	9600	99	4752	0.003	0	0.003	0.003	48	0	48	48	
4	5	3	49	18	4	36	9338	14	4048	0.0075	0.00348072	0.003	0.01	289.143	141.408	48	571	
4	5	1	50	3	4	194	9504	96	4656	0.00351042	0.00182955	0.003	0.01	48.5	4.89898	48	96	
4	5	5	51	5	4	198	9600	97	4704	0.00639175	0.00485746	0.003	0.024	48.4948	4.87366	48	96	
4	5	3	52	32	4	42	9912	20	4623	0.0079	0.00329114	0.003	0.01	231.15	145.532	48	618	
4	5	13	53	7	4	50	9724	15	2432	0.00813333	0.00559166	0.003	0.017	162.133	139.995	48	428	
4	5	3	54	7	4	40	9150	20	4575	0.00685	0.00357292	0.003	0.01	228.75	129.528	48	571	
4	5	3	55	62	4	136	9102	50	3400	0.00566	0.0034322	0.003	0.01	68	54.4771	48	286	
4	5	11	56	5	4	82	8788	35	2680	0.0068	0.00460051	0.003	0.017	76.5714	63.4426	48	286	
4	5	2	57	9	4	196	9504	11	576	0.00427273	0.00283164	0.003	0.01	52.3636	14.4725	48	96	
4	5	13	58	4	4	200	9600	72	3456	0.0110694	0.00758302	0.003	0.024	48	0	48	48	
4	5	5	59	7	4	200	9600	57	2736	0.00582456	0.00393756	0.003	0.017	48	0	48	48	
4	5	1	60	8	4	200	9600	95	4560	0.00521053	0.00327107	0.003	0.01	48	0	48	48	
5	6	1	1	5	4	166	9600	83	4800	0.00789157	0.00323099	0.003	0.01	57.8313	19.4891	48	96	
5	6	3	2	68	4	112	9568	41	3920	0.00573171	0.00379489	0.003	0.017	95.6098	92.6717	48	476	
5	6	3	3	64	4	40	9246	21	4671	0.007	0.00354965	0.003	0.01	222.429	156.438	48	571	
5	6	3	4	43	4	28	10284	13	4713	0.00946154	0.00531688	0.003	0.024	362.538	181.445	48	761	
5	6	3	5	49	4	40	9910	20	4955	0.00895	0.00568909	0.003	0.017	247.75	145.147	48	571	
5	6	3	6	65	4	42	8958	21	4479	0.009	0.00250998	0.003	0.01	213.286	139.787	48	618	
5	6	3	7	3	4	42	9338	20	4337	0.01	0.00642364	0.003	0.024	216.85	100.427	96	428	
5	6	3	8	29	4	36	9336	17	3575	0.0108235	0.00546849	0.003	0.024	210.294	151.265	48	571	
5	6	3	9	63	4	52	9922	8	1718	0.00825	0.00324037	0.003	0.01	214.75	67.1751	96	286	
5	6	1	10	11	4	164	9696	50	3072	0.0072	0.00424264	0.003	0.024	61.44	21.7708	48	96	
5	6	5	11	3	4	172	9696	97	5280	0.00783505	0.00592256	0.003	0.017	54.433	16.4373	48	96	
5	6	5	12	4	4	162	9408	79	4560	0.00734177	0.00341897	0.003	0.01	57.7215	19.4138	48	96	
5	6	3	13	31	4	48	9732	24	4866	0.00679167	0.00356284	0.003	0.01	202.75	97.3542	48	381	
5	6	3	14	34	4	38	9340	20	4813	0.00895	0.00256443	0.003	0.01	240.65	145.882	48	571	
5	6	3	15	59	4	36	9432	18	4716	0.0065	0.00432843	0.003	0.017	262	128.594	48	571	
5	6	3	16	44	4	34	9242	17	4764	0.00835294	0.00306066	0.003	0.01	280.235	165.257	48	618	
5	6	9	17	3	4	162	9600	81	4800	0.00844444	0.0031305	0.003	0.017	59.2593	20.4657	48	96	
5	6	3	18	57	4	30	9716	14	4287	0.009	0.00254196	0.003	0.01	306.214	135.266	96	476	
5	6	3	19	61	4	30	9712	14	4285	0.009	0.00464095	0.003	0.017	306.071	271.832	48	761	
5	6	3	20	58	4	36	9528	18	4764	0.00727778	0.00351142	0.003	0.01	264.667	164.762	48	666	
5	6	4	21	1	4	166	9600	83	4800	0.00755422	0.00335775	0.003	0.01	57.8313	19.4891	48	96	
5	6	3	22	53	4	32	9236	16	4618	0.0078125	0.00335099	0.003	0.01	288.625	140.336	96	571	
5	6	3	23	46	4	34	10378	16	4856	0.0069375	0.00358643	0.003	0.01	303.5	134.231	143	618	
5	6	3	24	45	4	50	9440	24	4387	0.00591667	0.00408514	0.003	0.017	182.792	101.729	48	381	
5	6	3	25	37	4	34	9428	15	4475	0.00766667	0.00341565	0.003	0.01	298.333	117.005	143	523	
5	6	3	26	66	4	80	9458	20	3195	0.0072	0.00351837	0.003	0.01	159.75	108.148	48	428	
5	6	3	27	2	4	36	9428	18	4714	0.00883333	0.00268438	0.003	0.01	261.889	115.547	48	523	
5	6	4	28	6	4	164	9504	67	3840	0.00926866	0.0051891	0.003	0.017	57.3134	19.125	48	96	
5	6	3	29	40	4	22	9612	22	8709	0.0106364	0.00298481	0.003	0.017	395.864	134.663	238	713	
5	6	4	30	7	4	168	9504	65	3792	0.00633846	0.00352348	0.003	0.01	58.3385	19.8858	48	96	
5	6	3	31	24	4	34	8860	12	3762	0.00941667	0.00202073	0.003	0.01	313.5	181.818	48	523	
5	6	11	32	6	4	162	9600	81	4800	0.0087037	0.00295146	0.003	0.017	59.2593	20.4657	48	96	
5	6	2	33	12	4	34	9052	15	3813	0.00953333	0.00492612	0.003	0.017	254.2	142.115	96	571	
5	6	3	34	60	4	42	9628	21	4814	0.008	0.00450555	0.003	0.017	229.238	145.29	48	523	
5	6	2	35	10	4	168	9600	81	4656	0.00524691	0.00328835	0.003	0.01	57.4815	19.2296	48	96	
5	6	2	36	11	4	160	9408	66	3936	0.00437879	0.0028053	0.003	0.01	59.6364	20.728	48	96	
5	6	3	37	67	4	78	9170	18	3290	0.00766667	0.0033955	0.003	0.01	182.778	148.684	48	523	
5	6	3	38	52	4	32	9522	16	4761	0.0086875	0.00282179	0.003	0.01	297.563	165.083	48	523	
5	6	3	39	48	4	22	10372	3	1143	0.01	0	0.01	0.01	381	0	381	381	
5	6	2	40	8	4	164	9600	59	3168	0.0103559	0.00458168	0.003	0.024	53.6949	15.655	48	96	
5	6	6	41	3	4	162	9696	80	4752	0.003	0	0.003	0.003	59.4	20.5553	48	96	
5	6	7	42	3	4	162	9504	82	4800	0.003	0	0.003	0.003	58.5366	19.9902	48	96	
5	6	8	43	1	4	164	9600	82	4800	0.003	0	0.003	0.003	58.5366	19.9902	48	96	
5	6	7	44	1	4	164	9696	82	4848	0.003	0	0.003	0.003	59.122	20.3769	48	96	
5	6	10	45	3	4	164	9600	82	4800	0.003	0	0.003	0.003	58.5366	19.9902	48	96	
5	6	11	46	2	4	164	9408	82	4704	0.003	0	0.003	0.003	57.3659	19.1392	48	96	
5	6	12	47	1	4	162	9600	81	4800	0.003	0	0.003	0.003	59.2593	20.4657	48	96	
5	6	13	48	1	4	158	9408	80	4752	0.003	0	0.003	0.003	59.4	20.5553	48	96	
5	6	3	49	18	4	32	9618	18	6092	0.00922222	0.00226367	0.003	0.01	338.444	198.711	48	618	
5	6	6	50	6	4	164	9600	63	3744	0.00744444	0.00339724	0.003	0.01	59.4286	20.6083	48	96	
5	6	5	51	5	4	174	9600	76	4224	0.00576316	0.0039728	0.003	0.024	55.5789	17.6191	48	96	
5	6	3	52	32	4	36	9144	19	4905	0.01	0	0.01	0.01	258.158	160.966	48	666	
5	6	13	53	7	4	164	9408	80	4608	0.0086875	0.0033587	0.003	0.017	57.6	19.3211	48	96	
5	6	3	54	7	4	40	9626	20	4813	0.00755	0.00411	0.003	0.017	240.65	116.882	96	476	
5	6	3	55	62	4	40	9436	20	4718	0.0072	0.00351837	0.003	0.01	235.9	116.787	48	428	
5	6	11	56	5	4	166	9504	79	4512	0.00725316	0.00493929	0.003	0.024	57.1139	18.9459	48	96	
5	6	2	57	9	4	164	9600	82	4800	0.00564634	0.00341519	0.003	0.01	58.5366	19.9902	48	96	
5	6	4	58	8	4	162	9600	54	3120	0.00481481	0.0030964	0.003	0.01	57.7778	19.5136	48	96	
5	6	5	59	7	4	158	9408	80	5232	0.0081625	0.00397602	0.003	0.017	65.4	23.2202	48	96	
5	6	6	60	7	4	158	9598	57	3264	0.00766667	0.00425245	0.003	0.017	57.2632	19.1111	48	96	
6	7	1	1	5	4	122	9676	36	2494	0.00747222	0.00533177	0.003	0.024	69.2778	28.9824	48	143	
6	7	3	2	68	4	44	9248	22	4624	0.00840909	0.00479741	0.003	0.017	210.182	118.833	48	476	
6	7	1	3	13	4	48	9818	17	3241	0.00711765	0.0035511	0.003	0.01	190.647	123.457	48	381	
6	7	3	4	43	4	34	9528	18	5050	0.00883333	0.00268438	0.003	0.01	280.556	109.2	96	476	
6	7	3	5	49	4	48	9246	24	4623	0.00825	0.00372127	0.003	0.017	192.625	93.4576	48	428	
6	7	3	6	65	4	42	9530	21	4765	0.008	0.00324037	0.003	0.01	226.905	137.635	48	523	
6	7	3	7	3	4	48	9532	24	4766	0.007375	0.00403045	0.003	0.017	198.583	104.533	48	428	
6	7	3	8	29	4	36	9908	12	3572	0.0129167	0.00467991	0.003	0.017	297.667	143.371	143	666	
6	7	7	9	5	4	52	9634	35	5915	0.01	0.0033955	0.003	0.017	169	80.1781	48	333	
6	7	7	10	4	4	134	9496	47	3309	0.00940425	0.00285642	0.003	0.017	70.4043	29.6161	48	143	
6	7	5	11	3	4	132	9392	67	4792	0.00697015	0.00349446	0.003	0.01	71.5224	33.5516	48	143	
6	7	5	12	4	4	138	9782	56	3979	0.005625	0.00341953	0.003	0.01	71.0536	31.4876	48	143	
6	7	3	13	31	4	38	9436	14	3668	0.009	0.00254196	0.003	0.01	262	117.55	48	476	
6	7	3	14	34	4	38	9336	19	4668	0.00889474	0.00262244	0.003	0.01	245.684	157.765	48	666	
6	7	3	15	59	4	42	9532	20	4718	0.0079	0.00329114	0.003	0.01	235.9	99.3441	96	476	
6	7	3	16	44	4	40	9810	19	4762	0.00778947	0.00407675	0.003	0.017	250.632	180.474	48	666	
6	7	9	17	3	4	140	9586	69	4602	0.0091884	0.00306918	0.003	0.024	66.6957	30.8203	48	143	
6	7	5	18	9	4	36	9908	16	4287	0.010875	0.00564358	0.003	0.024	267.938	170.798	48	666	
6	7	5	19	10	4	44	9244	20	3860	0.0058	0.0047639	0.003	0.017	193	135.664	48	618	
6	7	3	20	58	4	32	9242	13	3906	0.01	0.00404145	0.003	0.017	300.462	112.137	143	476	
6	7	4	21	1	4	124	9580	57	4407	0.00545614	0.00337041	0.003	0.01	77.3158	35.7087	48	143	
6	7	4	22	11	4	54	9918	12	2241	0.00825	0.00435107	0.003	0.017	186.75	178.383	48	571	
6	7	3	23	46	4	46	9630	24	5148	0.00941667	0.00352527	0.003	0.017	214.5	80.4644	48	333	
6	7	3	24	45	4	52	9534	26	4957	0.00569231	0.00347297	0.003	0.01	190.654	95.9654	48	381	
6	7	3	25	37	4	40	9528	21	4907	0.009	0.00250998	0.003	0.01	233.667	132.586	48	523	
6	7	3	26	66	4	42	9340	22	4956	0.0065	0.00358236	0.003	0.01	225.273	109.923	96	476	
6	7	4	27	10	4	62	8972	29	4010	0.00806896	0.00369296	0.003	0.017	138.276	120.067	48	476	
6	7	4	28	6	4	132	9678	61	4502	0.00713115	0.00369899	0.003	0.017	73.8033	36.4206	48	143	
6	7	3	29	40	4	36	9428	18	4714	0.00844444	0.00299455	0.003	0.01	261.889	113.251	48	476	
6	7	4	30	7	4	134	9686	64	4603	0.0069375	0.0035	0.003	0.01	71.9219	30.6513	48	143	
6	7	2	31	17	4	38	9908	14	3811	0.0115	0.007852	0.003	0.024	272.214	194.081	48	571	
6	7	2	32	16	4	132	9300	43	2925	0.00886046	0.00339174	0.003	0.017	68.0233	29.8739	48	143	
6	7	2	33	12	4	134	9494	68	4843	0.00433823	0.00277306	0.003	0.01	71.2206	30.2851	48	143	
6	7	2	34	14	4	82	9364	38	3872	0.00410526	0.00305614	0.003	0.017	101.895	87.8662	48	476	
6	7	2	35	10	4	126	9392	53	4072	0.00445283	0.00372397	0.003	0.024	76.8302	37.7572	48	191	
6	7	2	36	11	4	132	9684	48	3643	0.00475	0.00395453	0.003	0.024	75.8958	32.369	48	143	
6	7	3	37	67	4	40	9530	20	4765	0.00825	0.00310983	0.003	0.01	238.25	118.438	48	476	
6	7	2	38	18	4	40	10002	10	2382	0.0065	0.00756086	0.003	0.024	238.2	214.7	48	618	
6	7	1	39	12	4	108	9472	50	3783	0.00804	0.0031749	0.003	0.01	75.66	71.2591	48	523	
6	7	2	40	8	4	118	9384	34	2446	0.00979412	0.00501984	0.003	0.024	71.9412	29.3948	48	143	
6	7	6	41	3	4	134	9494	68	4843	0.003	0	0.003	0.003	71.2206	30.2851	48	143	
6	7	7	42	3	4	136	9686	67	4795	0.003	0	0.003	0.003	71.5672	30.3775	48	143	
6	7	8	43	1	4	126	9392	63	4696	0.003	0	0.003	0.003	74.5397	33.9833	48	143	
6	7	7	44	1	4	126	9488	63	4744	0.003	0	0.003	0.003	75.3016	33.9167	48	143	
6	7	10	45	3	4	136	9396	68	4698	0.003	0	0.003	0.003	69.0882	31.2385	48	143	
6	7	11	46	2	4	138	9684	69	4842	0.003	0	0.003	0.003	70.1739	31.2259	48	143	
6	7	12	47	1	4	128	9390	64	4695	0.003	0	0.003	0.003	73.3594	34.9446	48	143	
6	7	13	48	1	4	130	9682	65	4841	0.003	0	0.003	0.003	74.4769	32.6669	48	143	
6	7	3	49	18	4	36	9528	18	4431	0.01	0	0.01	0.01	246.167	128.539	143	618	
6	7	6	50	6	4	126	9580	62	4599	0.00819355	0.00308799	0.003	0.01	74.1774	35.205	48	143	
6	7	5	51	5	4	122	9390	64	4839	0.00748437	0.00338527	0.003	0.01	75.6094	34.7817	48	143	
6	7	9	52	4	4	62	9920	14	3620	0.0105	0.00187083	0.01	0.017	258.571	155.6	96	571	
6	7	3	53	70	4	132	9684	24	1536	0.00795833	0.00483177	0.003	0.024	64	23.1141	48	96	
6	7	13	54	8	4	46	9818	5	621	0.0072	0.00383406	0.003	0.01	124.2	98.6671	48	286	
6	7	2	55	15	4	78	9648	36	4062	0.00475	0.00307409	0.003	0.01	112.833	118.717	48	666	
6	7	2	56	13	4	116	9580	16	1055	0.0069375	0.00358643	0.003	0.01	65.9375	29.5442	48	143	
6	7	2	57	9	4	130	9586	65	4793	0.00569231	0.00343203	0.003	0.01	73.7385	32.7153	48	143	
6	7	4	58	8	4	124	9388	53	4119	0.00577358	0.00419543	0.003	0.024	77.717	36.4219	48	143	
6	7	5	59	7	4	136	9688	48	3407	0.00547917	0.00338325	0.003	0.01	70.9792	26.1188	48	143	
6	7	3	60	69	4	80	9366	21	3293	0.00733333	0.0046833	0.003	0.017	156.81	99.8837	48	476	
7	8	3	1	82	4	120	9572	28	2107	0.0085	0.00550757	0.003	0.024	75.25	41.8451	48	191	
7	8	3	2	68	4	42	9442	19	4292	0.00926316	0.00220711	0.003	0.01	225.895	78.7315	191	428	
7	8	1	3	13	4	112	9560	56	4733	0.00675	0.00352265	0.003	0.01	84.5179	47.9689	48	191	
7	8	3	4	43	4	46	9534	23	4767	0.00786956	0.0032933	0.003	0.01	207.261	103.964	48	428	
7	8	3	5	49	4	48	9540	24	4770	0.00679167	0.00356284	0.003	0.01	198.75	92.619	48	428	
7	8	3	6	65	4	46	9920	23	4960	0.00847826	0.00362904	0.003	0.017	215.652	94.8495	48	428	
7	8	3	7	3	4	42	9154	12	2290	0.00708333	0.00467991	0.003	0.017	190.833	75.8981	48	381	
7	8	3	8	29	4	46	9538	17	3385	0.00958823	0.00389003	0.003	0.017	199.118	89.2138	48	381	
7	8	3	9	77	4	94	9082	38	3586	0.00871053	0.00275002	0.003	0.01	94.3684	70.3994	48	381	
7	8	3	10	78	4	92	9460	39	3966	0.00838461	0.00298783	0.003	0.01	101.692	73.3234	48	381	
7	8	5	11	3	4	96	9552	2	191	0.003	0	0.003	0.003	95.5	67.1751	48	143	
7	8	5	12	4	4	124	9576	48	3686	0.00620833	0.00432193	0.003	0.017	76.7917	41.3382	48	191	
7	8	3	13	31	4	50	9348	26	4912	0.00946154	0.00190223	0.003	0.01	188.923	106.38	48	381	
7	8	3	14	34	4	48	9916	23	4720	0.00847826	0.00295219	0.003	0.01	205.217	115.004	48	428	
7	8	3	15	59	4	40	9150	18	3766	0.0103889	0.00610823	0.003	0.024	209.222	158.919	48	618	
7	8	3	16	44	4	44	9250	23	4768	0.00908696	0.00486091	0.003	0.017	207.304	102.839	48	428	
7	8	3	17	75	4	80	9264	19	2911	0.00705263	0.00537973	0.003	0.017	153.211	70.1788	48	286	
7	8	5	18	9	4	110	9278	55	4639	0.00490909	0.00314627	0.003	0.01	84.3455	44.7881	48	191	
7	8	5	19	10	4	112	9566	38	3368	0.00539474	0.00336548	0.003	0.01	88.6316	45.7652	48	165	
7	8	9	20	5	4	50	9918	6	431	0.01	0	0.01	0.01	71.8333	39.8016	48	143	
7	8	4	21	1	4	102	9558	44	4063	0.00713636	0.00529849	0.003	0.017	92.3409	52.7222	48	191	
7	8	4	22	11	4	116	9570	29	2346	0.00613793	0.00400646	0.003	0.017	80.8966	46.074	48	191	
7	8	3	23	46	4	48	9064	24	4532	0.00679167	0.00356284	0.003	0.01	188.833	84.6562	48	428	
7	8	3	24	45	4	46	9538	15	3100	0.0086	0.00473286	0.003	0.017	206.667	90.9683	48	428	
7	8	3	25	37	4	48	9632	23	4578	0.00908696	0.00320388	0.003	0.017	199.043	99.9152	48	428	
7	8	3	26	66	4	44	9434	22	4717	0.00872727	0.00465149	0.003	0.017	214.409	152.841	48	618	
7	8	4	27	10	4	112	9564	56	4781	0.008125	0.00365345	0.003	0.017	85.375	47.7328	48	191	
7	8	4	28	6	4	106	9468	51	4400	0.00478431	0.003081	0.003	0.01	86.2745	46.6185	48	191	
7	8	3	29	40	4	40	9058	19	4243	0.01	0.00404145	0.003	0.024	223.316	113.129	48	428	
7	8	3	30	80	4	116	9474	37	2967	0.00886486	0.00387415	0.003	0.024	80.1892	46.3248	48	191	
7	8	2	31	17	4	100	9464	49	4684	0.00471428	0.00304138	0.003	0.01	95.5918	53.2001	48	191	
7	8	3	32	76	4	64	9258	17	2528	0.00423529	0.00275067	0.003	0.01	148.706	111.349	48	381	
7	8	2	33	12	4	104	9470	48	4162	0.0051875	0.00327892	0.003	0.01	86.7083	45.6662	48	191	
7	8	2	34	14	4	108	9468	54	4734	0.00377778	0.00222054	0.003	0.01	87.6667	45.0031	48	191	
7	8	3	35	73	4	54	9254	7	812	0.007	0.00374166	0.003	0.01	116	66.5582	48	191	
7	8	3	36	74	4	58	8774	24	3813	0.009125	0.00375688	0.003	0.017	158.875	129.686	48	428	
7	8	3	37	67	4	42	9532	21	4766	0.00966667	0.00348329	0.003	0.017	226.952	153.922	48	618	
7	8	2	38	18	4	118	9566	58	4640	0.00613793	0.00351163	0.003	0.01	80	45.7637	48	191	
7	8	3	39	72	4	64	9540	33	4866	0.00915151	0.00381708	0.003	0.024	147.455	111.695	48	428	
7	8	2	40	8	4	80	9456	1	191	0.003	0	0.003	0.003	191	0	191	191	
7	8	6	41	3	4	120	9572	60	4786	0.003	0	0.003	0.003	79.7667	39.7984	48	143	
7	8	7	42	3	4	116	9568	58	4784	0.003	0	0.003	0.003	82.4828	45.2507	48	191	
7	8	8	43	1	4	114	9568	57	4784	0.003	0	0.003	0.003	83.9298	46.965	48	191	
7	8	7	44	1	4	108	9468	54	4734	0.003	0	0.003	0.003	87.6667	50.4134	48	191	
7	8	10	45	3	4	116	9472	58	4736	0.003	0	0.003	0.003	81.6552	45.4377	48	191	
7	8	11	46	2	4	118	9574	59	4787	0.003	0	0.003	0.003	81.1356	44.4245	48	191	
7	8	12	47	1	4	114	9470	57	4735	0.003	0	0.003	0.003	83.0702	44.4955	48	191	
7	8	13	48	1	4	122	9574	61	4787	0.003	0	0.003	0.003	78.4754	42.5956	48	191	
7	8	3	49	18	4	42	9626	22	4291	0.0103182	0.00402831	0.003	0.017	195.045	145.197	48	476	
7	8	6	50	6	4	124	9574	62	4929	0.00785484	0.0037146	0.003	0.017	79.5	42.1394	48	191	
7	8	5	51	5	4	116	9568	58	4784	0.00601724	0.00349682	0.003	0.01	82.4828	45.2507	48	191	
7	8	3	52	71	4	66	9164	15	2481	0.0058	0.00354965	0.003	0.01	165.4	101.377	48	428	
7	8	3	53	70	4	58	9158	29	4579	0.00613793	0.00354284	0.003	0.01	157.897	87.1884	48	381	
7	8	3	54	79	4	96	9276	44	4256	0.00856818	0.00285623	0.003	0.01	96.7273	72.1402	48	428	
7	8	2	55	15	4	112	9562	56	4781	0.004125	0.00259414	0.003	0.01	85.375	45.9631	48	191	
7	8	2	56	13	4	102	9658	3	287	0.003	0	0.003	0.003	95.6667	47.5009	48	143	
7	8	2	57	9	4	94	9268	40	3585	0.005625	0.00343203	0.003	0.01	89.625	47.1521	48	191	
7	8	3	58	81	4	104	9562	48	4398	0.00854167	0.00478009	0.003	0.024	91.625	51.7402	48	238	
7	8	3	59	83	4	108	9562	40	3206	0.0058	0.00347297	0.003	0.01	80.15	46.2083	48	191	
7	8	3	60	69	4	50	9062	23	3959	0.00756522	0.00453097	0.003	0.017	172.13	95.8841	48	428	
8	9	3	1	82	4	36	9240	17	4239	0.00794118	0.00328768	0.003	0.01	249.353	143.154	48	476	
8	9	3	2	68	4	40	9338	18	4240	0.00688889	0.00548676	0.003	0.024	235.556	78.9938	48	476	
8	9	3	3	85	4	68	9546	35	4916	0.0078	0.00329706	0.003	0.01	140.457	94.9948	48	428	
8	9	3	4	43	4	42	9814	17	3716	0.00629412	0.00502201	0.003	0.017	218.588	55.876	48	286	
8	9	3	5	49	4	40	9242	18	4145	0.00727778	0.00544281	0.003	0.024	230.278	78.5979	48	476	
8	9	3	6	65	4	36	9340	13	3477	0.00676923	0.00363212	0.003	0.01	267.462	87.8897	191	476	
8	9	6	7	8	4	32	9710	3	477	0.00766667	0.00404145	0.003	0.01	159	98.9596	48	238	
8	9	3	8	29	4	32	8760	20	4904	0.00965	0.00156525	0.003	0.01	245.2	46.8959	191	428	
8	9	3	9	77	4	40	9812	20	4906	0.0058	0.00351837	0.003	0.01	245.3	88.9536	48	476	
8	9	3	10	78	4	54	9442	27	4721	0.00533333	0.00336269	0.003	0.01	174.852	80.1963	48	286	
8	9	5	11	3	4	100	9374	66	5930	0.00809091	0.0043491	0.003	0.017	89.8485	53.806	48	191	
8	9	3	12	86	4	68	9356	33	4345	0.00660606	0.00396027	0.003	0.017	131.667	97.3218	48	428	
8	9	3	13	31	4	44	9814	21	4764	0.00833333	0.00305505	0.003	0.01	226.857	150.876	48	618	
8	9	3	14	34	4	36	9332	19	4904	0.00778947	0.00407675	0.003	0.017	258.105	71.4088	191	476	
8	9	3	15	59	4	34	9710	18	5283	0.00766667	0.0033955	0.003	0.01	293.5	114.356	48	476	
8	9	3	16	44	4	32	9238	13	3762	0.00838461	0.0030697	0.003	0.01	289.385	115.47	191	476	
8	9	3	17	75	4	52	9348	26	4674	0.00434615	0.00281343	0.003	0.01	179.769	100.86	48	428	
8	9	5	18	9	4	106	9850	52	4877	0.00784615	0.00326229	0.003	0.01	93.7885	58.1041	48	191	
8	9	5	19	10	4	102	9380	33	3015	0.00575757	0.00347338	0.003	0.01	91.3636	52.4636	28	191	
8	9	9	20	5	4	102	9372	10	860	0.01	0.00571548	0.003	0.024	86	49.0578	48	143	
8	9	4	21	1	4	88	9562	43	4733	0.00609302	0.0035174	0.003	0.01	110.07	66.1353	48	238	
8	9	13	22	10	4	92	9372	46	4686	0.00802174	0.00380928	0.003	0.017	101.87	63.9783	48	238	
8	9	3	23	46	4	46	9816	23	4908	0.00604348	0.00354809	0.003	0.01	213.391	62.2508	48	286	
8	9	3	24	45	4	40	8766	26	5667	0.00838461	0.00300768	0.003	0.01	217.962	131.055	48	428	
8	9	13	25	11	4	48	9344	7	1145	0.008	0.00341565	0.003	0.01	163.571	71.798	48	238	
8	9	3	26	66	4	38	9336	12	3191	0.00708333	0.0036045	0.003	0.01	265.917	91.6133	191	476	
8	9	13	27	9	4	102	9372	42	3445	0.00983333	0.00288746	0.003	0.017	82.0238	43.6748	48	191	
8	9	4	28	6	4	106	9470	55	4974	0.00885454	0.00420942	0.003	0.024	90.4364	53.9539	48	191	
8	9	5	29	11	4	34	10190	6	1001	0.00533333	0.00361478	0.003	0.01	166.833	93.8305	48	238	
8	9	3	30	80	4	38	9430	13	3239	0.00892308	0.00262874	0.003	0.01	249.154	162.396	48	713	
8	9	2	31	17	4	102	9850	30	3059	0.003	0	0.003	0.003	101.967	62.2079	48	191	
8	9	3	32	76	4	38	9718	16	4097	0.0078125	0.00335099	0.003	0.01	256.062	126.184	48	476	
8	9	2	33	12	4	102	9394	29	2870	0.00372414	0.0038996	0.003	0.024	98.9655	62.0475	28	191	
8	9	10	34	6	4	96	9376	36	3443	0.0065	0.00354965	0.003	0.01	95.6389	56.9171	48	191	
8	9	11	35	7	4	50	8682	18	4620	0.00922222	0.00226367	0.003	0.01	256.667	136.573	48	476	
8	9	3	36	74	4	36	10188	18	5094	0.00844444	0.00299455	0.003	0.01	283	115.847	48	476	
8	9	3	37	67	4	34	9810	13	3191	0.00892308	0.00262874	0.003	0.01	245.462	105.967	48	476	
8	9	2	38	18	4	98	9468	50	4877	0.00692	0.00350999	0.003	0.01	97.54	60.8025	48	238	
8	9	3	39	72	4	32	9332	15	4475	0.00953333	0.00180739	0.003	0.01	298.333	150.851	48	476	
8	9	1	40	14	4	106	9860	38	3542	0.00889474	0.00258676	0.003	0.01	93.2105	54.2617	28	191	
8	9	6	41	3	4	94	9378	47	4689	0.003	0	0.003	0.003	99.766	60.2986	48	191	
8	9	7	42	3	4	94	9374	48	4735	0.003	0	0.003	0.003	98.6458	61.6981	48	191	
8	9	8	43	1	4	110	9768	54	4788	0.003	0	0.003	0.003	88.6667	51.8787	48	191	
8	9	7	44	1	4	98	9376	49	4688	0.003	0	0.003	0.003	95.6735	56.6941	48	191	
8	9	10	45	3	4	104	9856	52	4928	0.003	0	0.003	0.003	94.7692	58.5366	48	191	
8	9	11	46	2	4	104	9376	52	4688	0.003	0	0.003	0.003	90.1538	52.2015	48	191	
8	9	12	47	1	4	108	9852	54	4926	0.003	0	0.003	0.003	91.2222	55.7084	48	191	
8	9	13	48	1	4	100	9472	50	4736	0.003	0	0.003	0.003	94.72	58.1395	48	191	
8	9	3	49	18	4	44	9338	4	1143	0.00475	0.0035	0.003	0.01	285.75	128.754	191	476	
8	9	6	50	6	4	106	9476	54	4834	0.00792592	0.00322638	0.003	0.01	89.5185	49.8605	48	191	
8	9	5	51	5	4	94	9374	41	4161	0.00726829	0.00345705	0.003	0.01	101.488	60.4442	48	191	
8	9	3	52	71	4	30	9810	11	3143	0.00809091	0.0032697	0.003	0.01	285.727	97.4927	191	476	
8	9	3	53	70	4	38	9242	19	4621	0.00742105	0.00346916	0.003	0.01	243.211	83.7062	48	476	
8	9	3	54	79	4	40	9814	19	4621	0.01	0	0.01	0.01	243.211	86.558	96	476	
8	9	2	55	15	4	90	9368	15	1481	0.00346667	0.00180739	0.003	0.01	98.7333	58.1961	48	191	
8	9	3	56	84	4	64	9354	24	3674	0.007375	0.00403045	0.003	0.017	153.083	84.1055	48	286	
8	9	2	57	9	4	88	9846	29	3155	0.00710345	0.00350861	0.003	0.01	108.793	69.6447	48	191	
8	9	3	58	81	4	40	9240	20	4620	0.0086	0.00287274	0.003	0.01	231	102.639	48	476	
8	9	9	59	6	4	48	9338	17	3193	0.00547059	0.00344815	0.003	0.01	187.824	130.71	48	476	
8	9	3	60	69	4	36	9808	18	4904	0.00766667	0.00480196	0.003	0.017	272.444	117.402	48	476	
9	10	3	1	82	4	42	9720	18	4240	0.00961111	0.00561656	0.003	0.024	235.556	72.0378	48	286	
9	10	3	2	68	4	48	10008	26	5528	0.00676923	0.0045282	0.003	0.017	212.615	86.3936	48	286	
9	10	3	3	85	4	46	9058	23	4529	0.00726087	0.00349308	0.003	0.01	196.913	76.3181	48	286	
9	10	3	4	43	4	36	9150	15	3908	0.00673333	0.00361478	0.003	0.01	260.533	50.4181	96	286	
9	10	3	5	49	4	44	9724	15	2909	0.0058	0.00354965	0.003	0.01	193.933	107.038	48	333	
9	10	3	6	65	4	44	9624	23	5050	0.00665217	0.00415177	0.003	0.017	219.565	78.2367	48	286	
9	10	6	7	8	4	104	9760	52	4880	0.00973077	0.00135929	0.003	0.01	93.8462	55.7084	48	238	
9	10	3	8	29	4	44	10294	22	6193	0.00840909	0.00300252	0.003	0.01	281.5	132.832	48	476	
9	10	3	9	77	4	48	9628	24	4814	0.005625	0.00346175	0.003	0.01	200.583	107.63	48	428	
9	10	3	10	78	4	50	9054	25	4527	0.00496	0.0032078	0.003	0.01	181.08	95.071	48	286	
9	10	5	11	3	4	92	9656	45	4732	0.00642222	0.00626494	0.003	0.024	105.156	67.7532	48	238	
9	10	3	12	86	4	34	9146	18	4621	0.00883333	0.00360147	0.003	0.017	256.722	99.3661	48	523	
9	10	3	13	31	4	52	9252	27	4769	0.00766667	0.00336269	0.003	0.01	176.63	120.035	48	476	
9	10	3	14	34	4	44	9626	22	4813	0.0065	0.00358236	0.003	0.01	218.773	86.4396	48	286	
9	10	3	15	59	4	46	9722	23	4861	0.00786956	0.0032933	0.003	0.01	211.348	117.17	48	523	
9	10	3	16	44	4	34	9618	10	2952	0.0079	0.00472464	0.003	0.017	295.2	86.1185	238	523	
9	10	3	17	75	4	40	9624	14	2907	0.007	0.00359487	0.003	0.01	207.643	82.5475	48	286	
9	10	5	18	9	4	86	9174	44	4635	0.01	0	0.01	0.01	105.341	70.707	48	238	
9	10	5	19	10	4	86	9746	43	4873	0.00723256	0.00346298	0.003	0.01	113.326	74.8773	48	238	
9	10	3	20	87	4	72	9078	6	907	0.00883333	0.00688234	0.003	0.017	151.167	110.233	48	286	
9	10	4	21	1	4	90	9180	44	4494	0.00554545	0.00340625	0.003	0.01	102.136	65.4027	48	238	
9	10	13	22	10	4	82	9736	41	4868	0.0067561	0.0038651	0.003	0.017	118.732	80.3163	48	286	
9	10	3	23	46	4	56	9536	28	4768	0.00425	0.00273015	0.003	0.01	170.286	109.353	48	476	
9	10	3	24	45	4	44	10294	15	3716	0.00626667	0.00361478	0.003	0.01	247.733	106.542	48	523	
9	10	13	25	11	4	96	9656	48	4828	0.00941667	0.00195517	0.003	0.01	100.583	64.5	48	238	
9	10	3	26	66	4	38	9622	1	48	0.003	0	0.003	0.003	48	0	48	48	
9	10	13	27	9	4	98	9754	48	4781	0.00795833	0.00380905	0.003	0.017	99.6042	61.1342	48	238	
9	10	4	28	6	4	102	9758	48	4688	0.01	0	0.01	0.01	97.6667	61.2853	48	238	
9	10	5	29	11	4	94	9276	48	4829	0.00664583	0.00353397	0.003	0.01	100.604	65.3158	48	238	
9	10	3	30	80	4	34	9716	1	286	0.003	0	0.003	0.003	286	0	286	286	
9	10	2	31	17	4	94	9276	42	4493	0.0055	0.00339476	0.003	0.01	106.976	65.451	48	238	
9	10	3	32	76	4	36	9236	0	0	0	0	0	0	0	0	0	0	
9	10	2	33	12	4	90	9748	43	4778	0.00576744	0.00378491	0.003	0.017	111.116	70.8964	48	238	
9	10	10	34	6	4	96	9752	48	4876	0.00839583	0.00297321	0.003	0.01	101.583	65.5662	48	238	
9	10	3	35	88	4	76	9264	17	2623	0.00752941	0.00344815	0.003	0.01	154.294	100.236	48	286	
9	10	3	36	74	4	46	9624	23	4812	0.00634783	0.00357528	0.003	0.01	209.217	115.306	48	523	
9	10	3	37	67	4	38	9148	10	2383	0.0093	0.00612917	0.003	0.024	238.3	59.2435	96	286	
9	10	2	38	18	4	96	9656	22	2104	0.00809091	0.0031909	0.003	0.01	95.6364	58.7128	48	238	
9	10	3	39	72	4	34	9716	11	3097	0.0112727	0.00687155	0.003	0.024	281.545	78.0633	143	476	
9	10	1	40	14	4	92	9174	47	4635	0.00925532	0.00218162	0.003	0.01	98.617	62.2022	48	238	
9	10	6	41	3	4	86	9648	43	4824	0.003	0	0.003	0.003	112.186	78.9796	48	238	
9	10	7	42	3	4	86	9744	42	4824	0.003	0	0.003	0.003	114.857	75.753	48	238	
9	10	8	43	1	4	92	9270	47	4731	0.003	0	0.003	0.003	100.66	67.4299	48	238	
9	10	7	44	1	4	92	9748	46	4874	0.003	0	0.003	0.003	105.957	73.6381	48	238	
9	10	10	45	3	4	92	9178	46	4589	0.003	0	0.003	0.003	99.7609	64.1076	48	238	
9	10	11	46	2	4	100	9754	50	4877	0.003	0	0.003	0.003	97.54	62.252	48	238	
9	10	12	47	1	4	94	9180	47	4590	0.003	0	0.003	0.003	97.6596	60.3102	48	238	
9	10	13	48	1	4	88	9652	44	4826	0.003	0	0.003	0.003	109.682	70.7727	48	238	
9	10	3	49	18	4	46	9152	4	667	0.0065	0.00404145	0.003	0.01	166.75	90.9556	48	238	
9	10	6	50	6	4	92	9654	36	3681	0.00863889	0.00280971	0.003	0.01	102.25	70.2564	48	238	
9	10	5	51	5	4	92	9682	20	2264	0.003	0	0.003	0.003	113.2	65.7528	28	238	
9	10	3	52	71	4	34	9624	18	5717	0.00883333	0.00432843	0.003	0.017	317.611	96.4354	191	476	
9	10	3	53	70	4	46	10202	23	5101	0.00817391	0.00314284	0.003	0.01	221.783	83.1433	48	286	
9	10	3	54	79	4	42	9148	22	4860	0.0065	0.00358236	0.003	0.01	220.909	114.15	48	523	
9	10	3	55	89	4	72	9646	11	1672	0.00363636	0.00211058	0.003	0.01	152	101.663	28	286	
9	10	3	56	84	4	42	9052	11	2192	0.00554545	0.00353167	0.003	0.01	199.273	99.355	48	286	
9	10	10	57	7	4	92	9180	46	4590	0.00695652	0.00350844	0.003	0.01	99.7826	61.6297	48	238	
9	10	3	58	81	4	40	9718	19	4811	0.00852631	0.00374712	0.003	0.017	253.211	57.33	48	333	
9	10	5	59	12	4	92	9748	45	4826	0.00657778	0.00353868	0.003	0.01	107.244	69.644	48	238	
9	10	3	60	69	4	44	9628	22	4814	0.00681818	0.00356753	0.003	0.01	218.818	87.6843	48	286	
10	11	3	1	82	4	38	9150	13	2718	0.00569231	0.00354459	0.003	0.01	209.077	109.029	48	333	
10	11	3	2	68	4	44	9340	22	4670	0.0065	0.00358236	0.003	0.01	212.273	123.339	48	476	
10	11	3	3	85	4	40	9814	19	4764	0.00631579	0.00359092	0.003	0.01	250.737	92.1182	48	381	
10	11	3	4	43	4	46	9726	26	5577	0.00730769	0.00347297	0.003	0.01	214.5	103.539	48	333	
10	11	3	5	49	4	42	9718	25	5527	0.00748	0.00342929	0.003	0.01	221.08	108.826	48	333	
10	11	3	6	65	4	46	9818	22	4766	0.00554545	0.00344656	0.003	0.01	216.636	112.483	48	381	
10	11	3	7	92	4	66	9734	19	3290	0.00705263	0.0035508	0.003	0.01	173.158	104.083	48	333	
10	11	3	8	29	4	38	9152	14	3717	0.008	0.00328165	0.003	0.01	265.5	84.8018	48	333	
10	11	7	9	7	4	70	9642	25	2772	0.00804	0.0032078	0.003	0.01	110.88	76.1191	48	286	
10	11	7	10	6	4	82	10314	32	3155	0.00890625	0.00258231	0.003	0.01	98.5938	61.4648	48	238	
10	11	5	11	3	4	86	9848	40	4494	0.005625	0.00343203	0.003	0.01	112.35	84.0917	19	269	
10	11	3	12	86	4	38	9626	12	2717	0.0105833	0.00467991	0.003	0.017	226.417	130.032	48	476	
10	11	3	13	31	4	56	9728	28	4864	0.00775	0.00332916	0.003	0.01	173.714	128.876	48	571	
10	11	3	14	34	4	44	9246	22	4623	0.00618182	0.00356753	0.003	0.01	210.136	112.415	48	333	
10	11	3	15	59	4	42	9724	17	3766	0.00794118	0.00328768	0.003	0.01	221.529	106.324	48	333	
10	11	3	16	44	4	44	9814	23	5240	0.00573913	0.00349308	0.003	0.01	227.826	138.196	48	571	
10	11	3	17	75	4	42	9342	21	4957	0.009	0.00458258	0.003	0.017	236.048	104.692	48	333	
10	11	5	18	9	4	90	9744	45	4872	0.00906667	0.00240643	0.003	0.01	108.267	74.7196	48	238	
10	11	5	19	10	4	86	9178	38	4158	0.00815789	0.00420763	0.003	0.024	109.421	77.3838	48	286	
10	11	9	20	7	4	42	9916	7	1288	0.009	0.00264575	0.003	0.01	184	120.964	48	333	
10	11	3	21	93	4	84	9742	35	3632	0.0074	0.00343169	0.003	0.01	103.771	67.7409	48	286	
10	11	4	22	12	4	76	9176	21	2502	0.00733333	0.00412715	0.003	0.017	119.143	87.3019	19	286	
10	11	3	23	46	4	46	9248	22	4576	0.00554545	0.00344656	0.003	0.01	208	106.391	48	333	
10	11	3	24	45	4	36	9052	9	2050	0.00922222	0.00547215	0.003	0.017	227.778	103.128	48	286	
10	11	13	25	11	4	86	9748	41	4587	0.0094878	0.00184556	0.003	0.01	111.878	71.7444	48	238	
10	11	3	26	66	4	38	9622	30	7621	0.0104667	0.00255604	0.003	0.017	254.033	144.623	48	618	
10	11	13	27	9	4	82	9172	41	4586	0.00795122	0.00322452	0.003	0.01	111.854	82.8063	48	286	
10	11	4	28	6	4	88	9174	23	2389	0.01	0	0.01	0.01	103.87	65.0708	48	238	
10	11	5	29	11	4	88	9742	36	4201	0.00766667	0.00334664	0.003	0.01	116.694	79.9049	48	238	
10	11	1	30	15	4	72	9166	30	3392	0.0093	0.0021359	0.003	0.01	113.067	77.4543	48	286	
10	11	2	31	17	4	82	9740	32	3536	0.0095625	0.00500927	0.003	0.017	110.5	77.7921	48	286	
10	11	3	32	76	4	40	9722	32	7720	0.00846875	0.00294009	0.003	0.01	241.25	103.135	48	333	
10	11	2	33	12	4	86	9742	41	4585	0.00812195	0.00314002	0.003	0.01	111.829	77.8058	48	238	
10	11	10	34	6	4	92	9750	28	2773	0.009	0.00413656	0.003	0.024	99.0357	70.8668	48	238	
10	11	3	35	88	4	40	9722	17	4194	0.00629412	0.00360147	0.003	0.01	246.706	96.9554	48	333	
10	11	3	36	74	4	48	9248	24	4624	0.007375	0.00346175	0.003	0.01	192.667	116.875	48	333	
10	11	11	37	8	4	38	9720	10	2857	0.0065	0.00368932	0.003	0.01	285.7	86.7231	48	333	
10	11	2	38	18	4	86	9362	58	5450	0.00915517	0.00230028	0.003	0.01	93.9655	68.3995	48	286	
10	11	3	39	72	4	40	9244	25	5815	0.00888	0.00387642	0.003	0.017	232.6	105.711	48	333	
10	11	1	40	14	4	94	9844	47	4922	0.00925532	0.00218162	0.003	0.01	104.723	73.2941	48	238	
10	11	6	41	3	4	80	9176	40	4588	0.003	0	0.003	0.003	114.7	75.2531	48	286	
10	11	7	42	3	4	78	9170	40	4633	0.003	0	0.003	0.003	115.825	86.7696	48	286	
10	11	8	43	1	4	82	9832	41	4916	0.003	0	0.003	0.003	119.902	79.6062	48	286	
10	11	7	44	1	4	88	9746	44	4873	0.003	0	0.003	0.003	110.75	75.151	48	238	
10	11	10	45	3	4	78	9834	39	4917	0.003	0	0.003	0.003	126.077	88.9516	48	286	
10	11	11	46	2	4	86	9176	43	4588	0.003	0	0.003	0.003	106.698	67.1209	48	238	
10	11	12	47	1	4	94	9844	47	4922	0.003	0	0.003	0.003	104.723	66.2494	48	238	
10	11	13	48	1	4	82	9172	41	4586	0.003	0	0.003	0.003	111.854	84.1717	48	286	
10	11	4	49	13	4	52	10300	10	2145	0.0037	0.00221359	0.003	0.01	214.5	112.847	48	333	
10	11	3	50	90	4	64	9252	18	3383	0.00727778	0.00351142	0.003	0.01	187.944	119.21	48	333	
10	11	3	51	91	4	66	9828	29	4627	0.00468965	0.00304846	0.003	0.01	159.552	105.731	48	333	
10	11	3	52	71	4	42	9148	22	4860	0.00618182	0.00356753	0.003	0.01	220.909	112.232	48	333	
10	11	3	53	70	4	44	9154	22	4577	0.0065	0.00358236	0.003	0.01	208.045	107.367	48	333	
10	11	3	54	79	4	38	9626	9	2288	0.00688889	0.00368932	0.003	0.01	254.222	78.9458	48	286	
10	11	2	55	19	4	42	9250	9	1290	0.00688889	0.00368932	0.003	0.01	143.333	109	48	286	
10	11	3	56	84	4	38	9812	11	2288	0.0125455	0.00566328	0.01	0.024	208	128.09	48	333	
10	11	10	57	7	4	90	9744	45	4872	0.00968889	0.00145886	0.003	0.01	108.267	76.1223	48	238	
10	11	13	58	12	4	42	9720	5	906	0.0072	0.00383406	0.003	0.01	181.2	182.261	48	476	
10	11	5	59	12	4	84	9176	42	4730	0.00883333	0.00533702	0.003	0.024	112.619	75.6091	48	238	
10	11	3	60	69	4	44	9820	22	4910	0.00586364	0.00352265	0.003	0.01	223.182	105.158	48	333	
11	12	1	1	16	4	46	9622	20	3764	0.0093	0.00386754	0.003	0.017	188.2	136.504	48	333	
11	12	3	2	68	4	40	9524	20	4762	0.0065	0.00359092	0.003	0.01	238.1	111.108	48	333	
11	12	1	3	17	4	40	9432	15	3763	0.00626667	0.00447958	0.003	0.017	250.867	105.375	48	333	
11	12	3	4	43	4	40	9524	20	4762	0.00545	0.00342552	0.003	0.01	238.1	128.977	48	333	
11	12	3	5	49	4	46	9532	23	4766	0.00817391	0.00433435	0.003	0.017	207.217	122.988	48	381	
11	12	1	6	18	4	48	9530	21	4002	0.00866667	0.00281662	0.003	0.01	190.571	113.405	48	333	
11	12	3	7	92	4	54	9536	26	4767	0.00623077	0.00407242	0.003	0.017	183.346	125.208	48	333	
11	12	1	8	19	4	52	9442	16	4145	0.00825	0.0031305	0.003	0.01	259.062	128.78	48	381	
11	12	7	9	7	4	84	8982	44	4778	0.00745454	0.00340625	0.003	0.01	108.591	78.3511	48	286	
11	12	7	10	6	4	82	8984	43	4779	0.00837209	0.00299224	0.003	0.01	111.14	80.2379	48	286	
11	12	5	11	3	4	74	9550	39	4871	0.00658974	0.00354459	0.003	0.01	124.897	103.158	19	333	
11	12	3	12	86	4	36	9618	22	6049	0.0103182	0.00262563	0.003	0.017	274.955	96.0072	96	381	
11	12	3	13	31	4	48	9626	24	4813	0.00766667	0.0033708	0.003	0.01	200.542	129.948	48	333	
11	12	3	14	34	4	54	9532	27	4766	0.00585185	0.00350498	0.003	0.01	176.519	123.539	48	333	
11	12	5	15	14	4	40	9430	22	5240	0.00840909	0.00526135	0.003	0.017	238.182	120.955	48	333	
11	12	5	16	15	4	46	9534	22	4386	0.0065	0.00358236	0.003	0.01	199.364	114.872	48	333	
11	12	3	17	75	4	48	10004	24	5002	0.00504167	0.00325014	0.003	0.01	208.417	126.727	48	333	
11	12	5	18	9	4	86	9660	26	2938	0.01	0.00685857	0.003	0.024	113	72.8214	19	286	
11	12	5	19	10	4	82	9558	32	3870	0.00846875	0.00494476	0.003	0.024	120.937	86.9263	48	286	
11	12	9	20	7	4	84	9364	43	4826	0.01	0.00216025	0.003	0.017	112.233	73.2487	48	238	
11	12	3	21	93	4	54	9540	27	4770	0.00507407	0.00325725	0.003	0.01	176.667	120.806	48	381	
11	12	4	22	12	4	80	9558	40	4874	0.008775	0.00269365	0.003	0.01	121.85	79.8908	48	286	
11	12	12	23	3	4	48	9528	17	3953	0.00794118	0.00328768	0.003	0.01	232.529	108.663	48	333	
11	12	13	24	14	4	54	10200	20	4290	0.0086	0.0053744	0.003	0.024	214.5	107.384	48	333	
11	12	13	25	11	4	76	8982	13	1218	0.00676923	0.00363212	0.003	0.01	93.6923	51.6065	48	191	
11	12	13	26	13	4	68	9546	27	3105	0.0087037	0.00277093	0.003	0.01	115	76.0577	48	286	
11	12	3	27	96	4	64	9448	13	2478	0.00784615	0.00525747	0.003	0.017	190.615	132.973	48	333	
11	12	4	28	6	4	84	9556	60	7263	0.0086	0.00282363	0.003	0.01	121.05	74.503	48	238	
11	12	5	29	11	4	74	9646	39	4966	0.00766667	0.00334297	0.003	0.01	127.333	96.534	48	333	
11	12	1	30	15	4	80	9550	40	4775	0.00895	0.00253134	0.003	0.01	119.375	80.5636	48	286	
11	12	2	31	17	4	80	9554	40	4777	0.008775	0.00269365	0.003	0.01	119.425	87.5199	48	286	
11	12	3	32	76	4	54	9538	27	4769	0.00611111	0.00354459	0.003	0.01	176.63	124.312	48	333	
11	12	2	33	12	4	82	9556	41	4730	0.00539024	0.00336064	0.003	0.01	115.366	76.6993	48	286	
11	12	3	34	94	4	62	9256	19	3480	0.00521053	0.00407675	0.003	0.017	183.158	130.888	48	333	
11	12	2	35	20	4	44	9526	20	3621	0.00755	0.00521612	0.003	0.024	181.05	138.396	48	333	
11	12	3	36	74	4	42	9528	21	4717	0.00633333	0.00358236	0.003	0.01	224.619	123.2	48	381	
11	12	3	37	95	4	58	9540	20	3671	0.0044	0.00287274	0.003	0.01	183.55	119.679	48	333	
11	12	2	38	18	4	84	9552	41	4728	0.00931707	0.00210284	0.003	0.01	115.317	75.164	48	286	
11	12	3	39	72	4	50	9534	25	4767	0.00664	0.00356931	0.003	0.01	190.68	124.248	48	333	
11	12	1	40	14	4	80	9556	40	4778	0.009125	0.00234452	0.003	0.01	119.45	85.521	48	286	
11	12	6	41	3	4	86	9558	43	4779	0.003	0	0.003	0.003	111.14	71.6923	48	238	
11	12	7	42	3	4	84	9556	42	4778	0.003	0	0.003	0.003	113.762	76.4377	48	286	
11	12	8	43	1	4	84	9558	42	4779	0.003	0	0.003	0.003	113.786	77.1636	48	286	
11	12	7	44	1	4	84	9554	41	4681	0.003	0	0.003	0.003	114.171	80.8761	48	286	
11	12	10	45	3	4	68	9544	34	4772	0.003	0	0.003	0.003	140.353	101.377	48	286	
11	12	11	46	2	4	84	9558	42	4779	0.003	0	0.003	0.003	113.786	77.1936	48	286	
11	12	12	47	1	4	80	9552	40	4776	0.003	0	0.003	0.003	119.4	81.346	48	286	
11	12	13	48	1	4	80	9554	40	4777	0.003	0	0.003	0.003	119.425	82.0615	48	286	
11	12	4	49	13	4	80	9552	41	4729	0.0094878	0.00241994	0.003	0.017	115.341	83.0035	48	286	
11	12	3	50	90	4	46	9530	23	4765	0.00756522	0.00400938	0.003	0.017	207.174	122.104	48	333	
11	12	5	51	13	4	46	8958	22	4526	0.00618182	0.00356753	0.003	0.01	205.727	129.027	48	333	
11	12	3	52	71	4	46	9528	23	4764	0.00604348	0.00354809	0.003	0.01	207.13	129.415	48	333	
11	12	3	53	14	4	52	9538	23	3770	0.00756522	0.00400938	0.003	0.017	163.913	119.773	48	381	
11	12	13	54	15	4	52	9626	13	2050	0.00946154	0.00194145	0.003	0.01	157.692	116.96	48	333	
11	12	2	55	19	4	76	9552	37	4728	0.00772973	0.00332205	0.003	0.01	127.784	90.3933	48	333	
11	12	3	56	84	4	50	9534	37	7295	0.00716216	0.0034842	0.003	0.01	197.162	123.395	48	333	
11	12	10	57	7	4	82	9556	41	4778	0.00982927	0.00109322	0.003	0.01	116.537	78.9212	48	286	
11	12	13	58	12	4	84	9654	42	4827	0.00683333	0.00352632	0.003	0.01	114.929	80.7611	48	286	
11	12	5	59	12	4	84	9564	37	3970	0.00905405	0.00598584	0.003	0.024	107.297	75.5516	19	286	
11	12	3	60	69	4	54	9538	26	4721	0.00703846	0.00352682	0.003	0.01	181.577	126.94	48	333	
12	13	1	1	16	4	82	9838	41	4919	0.00641463	0.00354243	0.003	0.01	119.976	88.4255	48	286	
12	13	1	2	21	4	46	9816	20	3718	0.00825	0.00501445	0.003	0.017	185.9	135.242	48	381	
12	13	1	3	17	4	74	9746	36	4702	0.00669444	0.00457833	0.003	0.024	130.611	84.6894	48	286	
12	13	3	4	43	4	46	9720	22	4527	0.00586364	0.00413228	0.003	0.017	205.773	133.137	48	381	
12	13	1	5	23	4	52	9726	20	3718	0.0065	0.00359092	0.003	0.01	185.9	136.968	48	381	
12	13	1	6	18	4	68	9074	35	4585	0.0078	0.00441788	0.003	0.024	131	95.5483	48	333	
12	13	1	7	22	4	72	9168	36	5393	0.00941667	0.0035	0.003	0.024	149.806	97.2901	48	286	
12	13	1	8	19	4	80	9838	26	3343	0.00919231	0.00228069	0.003	0.01	128.577	82.672	48	286	
12	13	7	9	7	4	80	9750	34	4042	0.00732353	0.00385904	0.003	0.017	118.882	80.4912	8	286	
12	13	1	10	20	4	82	9740	26	2960	0.00973077	0.00311843	0.003	0.017	113.846	90.228	48	333	
12	13	5	11	3	4	58	9062	29	4531	0.00613793	0.00354284	0.003	0.01	156.241	111.382	48	381	
12	13	5	12	17	4	48	9724	24	4719	0.00795833	0.00325014	0.003	0.01	196.625	109.762	48	381	
12	13	3	13	31	4	62	9068	31	4534	0.00616129	0.00354116	0.003	0.01	146.258	99.6935	48	333	
12	13	5	14	16	4	70	9738	29	3773	0.00662069	0.00355983	0.003	0.01	130.103	102.638	48	333	
12	13	5	15	14	4	70	9072	35	4536	0.007	0.00390324	0.003	0.017	129.6	86.7906	48	333	
12	13	5	16	15	4	80	9744	40	4872	0.008425	0.00296031	0.003	0.01	121.8	85.4893	48	286	
12	13	3	17	18	4	52	8964	25	4434	0.00748	0.00398037	0.003	0.017	177.36	125.458	48	381	
12	13	5	18	9	4	60	8968	19	3528	0.017	0.00466667	0.01	0.024	185.684	92.1913	48	333	
12	13	5	19	10	4	82	9742	35	4392	0.0086	0.00474156	0.003	0.024	125.486	96.4342	48	333	
12	13	9	20	7	4	82	9838	41	4919	0.00846341	0.00293341	0.003	0.01	119.976	76.0663	48	286	
12	13	3	21	93	4	50	9722	24	4813	0.00504167	0.00325014	0.003	0.01	200.542	141.57	48	381	
12	13	4	22	12	4	78	9838	38	4871	0.00907895	0.00239799	0.003	0.01	128.184	89.2551	48	286	
12	13	12	23	3	4	80	9838	40	4919	0.0086	0.00283567	0.003	0.01	122.975	94.4915	48	286	
12	13	13	24	14	4	74	9072	38	4679	0.00815789	0.00312381	0.003	0.01	123.132	85.3268	48	286	
12	13	3	25	97	4	60	9726	17	2670	0.00794118	0.00328768	0.003	0.01	157.059	124.305	48	333	
12	13	13	26	13	4	58	9440	28	4529	0.00625	0.00355512	0.003	0.01	161.75	124.207	48	333	
12	13	3	27	96	4	68	9834	33	4536	0.00618182	0.00353955	0.003	0.01	137.455	98.7766	48	333	
12	13	4	28	6	4	88	9854	32	3066	0.00409375	0.00439471	0.003	0.024	95.8125	52.2095	48	238	
12	13	5	29	11	4	72	9072	37	4584	0.00659459	0.00354698	0.003	0.01	123.892	92.7451	48	333	
12	13	1	30	15	4	78	9740	39	4870	0.00676923	0.00353525	0.003	0.01	124.872	86.297	48	333	
12	13	11	31	9	4	76	9074	32	3441	0.00934375	0.00325883	0.003	0.017	107.531	72.4275	48	286	
12	13	3	32	76	4	58	9060	28	4482	0.00525	0.00383575	0.003	0.017	160.071	128.865	48	333	
12	13	3	33	98	4	66	9162	23	3102	0.00604348	0.00354809	0.003	0.01	134.87	89.0527	48	333	
12	13	3	34	94	4	56	9438	29	4862	0.00613793	0.00354284	0.003	0.01	167.655	132.4	48	381	
12	13	11	35	10	4	72	9074	26	3009	0.00838461	0.00360085	0.003	0.017	115.731	88.417	48	286	
12	13	10	36	8	4	66	9738	17	2578	0.00423529	0.00275067	0.003	0.01	151.647	86.0777	48	333	
12	13	3	37	95	4	56	9728	28	4864	0.00625	0.00355512	0.003	0.01	173.714	112.178	48	381	
12	13	11	38	11	4	80	9742	18	2197	0.00883333	0.00268438	0.003	0.01	122.056	91.1698	48	286	
12	13	3	39	72	4	60	9826	27	4721	0.00559259	0.00344472	0.003	0.01	174.852	124.383	48	333	
12	13	1	40	14	4	72	9072	36	4536	0.00669444	0.00354417	0.003	0.01	126	90.347	48	333	
12	13	6	41	3	4	78	9838	39	4919	0.003	0	0.003	0.003	126.128	87.5882	48	286	
12	13	7	42	3	4	86	9840	43	4920	0.003	0	0.003	0.003	114.419	73.5295	48	286	
12	13	8	43	1	4	76	9076	38	4538	0.003	0	0.003	0.003	119.421	77.9562	48	286	
12	13	7	44	1	4	82	9176	42	4684	0.003	0	0.003	0.003	111.524	80.4321	48	286	
12	13	10	45	3	4	66	9066	33	4533	0.003	0	0.003	0.003	137.364	104.82	48	333	
12	13	11	46	2	4	78	9834	39	4917	0.003	0	0.003	0.003	126.077	83.4709	48	286	
12	13	12	47	1	4	74	9074	37	4537	0.003	0	0.003	0.003	122.622	87.1975	48	286	
12	13	13	48	1	4	82	9842	41	4921	0.003	0	0.003	0.003	120.024	84.4972	48	286	
12	13	4	49	13	4	74	9166	39	4917	0.00928205	0.00215148	0.003	0.01	126.077	96.6819	48	286	
12	13	3	50	90	4	58	9824	28	4816	0.00525	0.00332916	0.003	0.01	172	119.497	48	381	
12	13	5	51	13	4	58	9064	28	4009	0.00675	0.00355512	0.003	0.01	143.179	119.337	48	381	
12	13	3	52	71	4	70	9830	35	4915	0.006	0.00351468	0.003	0.01	140.429	111.182	48	333	
12	13	4	53	14	4	76	9836	38	4918	0.00852631	0.00289208	0.003	0.01	129.421	90.4665	48	286	
12	13	13	54	15	4	80	9744	38	4538	0.00871053	0.00275002	0.003	0.01	119.421	92.3953	48	286	
12	13	2	55	19	4	70	9080	15	2057	0.01	0.00648074	0.003	0.024	137.133	89.6612	48	286	
12	13	3	56	84	4	60	9822	30	4911	0.0058	0.00348791	0.003	0.01	163.7	114.777	48	333	
12	13	10	57	7	4	84	9748	40	4540	0.00965	0.00154505	0.003	0.01	113.5	78.9271	48	286	
12	13	13	58	12	4	74	8984	36	4327	0.00766667	0.00409878	0.003	0.017	120.194	85.6894	48	286	
12	13	5	59	12	4	82	9844	41	4922	0.00812195	0.00384184	0.003	0.017	120.049	83.0792	19	286	
12	13	3	60	69	4	74	9072	38	4584	0.00778947	0.00329748	0.003	0.01	120.632	80.2844	48	333	
13	14	1	1	16	4	72	9076	36	4538	0.00805555	0.0035932	0.003	0.017	126.056	94.599	48	286	
13	14	1	2	21	4	68	8974	34	4487	0.00835294	0.00301393	0.003	0.01	131.971	82.8432	48	286	
13	14	1	3	17	4	64	9178	30	3978	0.00883333	0.00664926	0.003	0.024	132.6	99.4383	48	381	
13	14	6	4	9	4	70	9170	33	4487	0.00787879	0.00326686	0.003	0.01	135.97	92.9084	48	333	
13	14	6	5	10	4	68	9166	26	2915	0.00569231	0.00347297	0.003	0.01	112.115	79.5715	48	286	
13	14	1	6	18	4	76	9840	33	4204	0.00830303	0.00525883	0.003	0.024	127.394	75.7368	19	269	
13	14	1	7	22	4	72	9836	34	4822	0.00752941	0.0033955	0.003	0.01	141.824	95.6732	48	381	
13	14	1	8	19	4	70	9834	34	3965	0.00608823	0.00352796	0.003	0.01	116.618	98.1255	48	333	
13	14	3	9	99	4	68	9924	24	3721	0.0065	0.00357528	0.003	0.01	155.042	102.354	48	381	
13	14	1	10	20	4	72	9934	33	4537	0.00915151	0.00625061	0.003	0.024	137.485	111.345	48	381	
13	14	5	11	3	4	66	9926	33	4963	0.00575757	0.00388933	0.003	0.017	150.394	103.7	48	381	
13	14	5	12	17	4	62	9070	17	2433	0.00794118	0.00328768	0.003	0.01	143.118	95.0315	48	333	
13	14	3	13	31	4	80	9836	40	4918	0.0065	0.00354459	0.003	0.01	122.95	77.5596	48	286	
13	14	5	14	16	4	66	9642	32	4535	0.00715625	0.00349294	0.003	0.01	141.719	92.3954	48	286	
13	14	5	15	14	4	72	9942	34	4875	0.00732353	0.00487865	0.003	0.017	143.382	95.1347	48	333	
13	14	5	16	15	4	76	9172	37	4490	0.00810811	0.00315158	0.003	0.01	121.351	92.8614	48	333	
13	14	5	17	18	4	78	9932	38	4870	0.00539474	0.00336548	0.003	0.01	128.158	95.2148	48	286	
13	14	5	18	9	4	74	9936	29	3651	0.0087931	0.00531426	0.003	0.024	125.897	98.7845	48	333	
13	14	5	19	10	4	60	9064	30	4484	0.0072	0.00394269	0.003	0.017	149.467	119.576	48	381	
13	14	9	20	7	4	74	9836	35	4584	0.0096	0.00236643	0.003	0.017	130.971	98.8199	48	286	
13	14	3	21	93	4	58	9156	30	4626	0.00673333	0.00355191	0.003	0.01	154.2	122.784	48	381	
13	14	4	22	12	4	74	9072	35	4249	0.009	0.00248525	0.003	0.01	121.4	75.0554	48	286	
13	14	12	23	3	4	72	9836	26	3581	0.00892308	0.00257563	0.003	0.01	137.731	86.4377	48	286	
13	14	4	24	18	4	74	9930	14	1957	0.0095	0.00187083	0.003	0.01	139.786	88.457	48	286	
13	14	4	25	17	4	60	9924	11	1336	0.00745454	0.00353167	0.003	0.01	121.455	77.6999	48	238	
13	14	13	26	13	4	70	9544	36	4963	0.00825	0.00307409	0.003	0.01	137.861	102.166	48	381	
13	14	3	27	96	4	54	9830	12	1672	0.00883333	0.00584393	0.003	0.017	139.333	137.172	48	381	
13	14	4	28	6	4	62	9072	15	1958	0.00953333	0.00814043	0.003	0.024	130.533	92.9284	48	269	
13	14	5	29	11	4	66	9828	33	4914	0.00681818	0.00353955	0.003	0.01	148.909	114.465	48	381	
13	14	1	30	15	4	66	9070	33	4535	0.00427273	0.00274172	0.003	0.01	137.424	100.707	48	333	
13	14	3	31	102	4	68	9828	23	3814	0.0106087	0.00467818	0.003	0.017	165.826	112.753	48	381	
13	14	11	32	12	4	68	9832	20	2531	0.00895	0.00256443	0.003	0.01	126.55	84.9058	48	286	
13	14	3	33	98	4	68	9830	34	4915	0.0065	0.00355263	0.003	0.01	144.559	106.945	48	381	
13	14	3	34	94	4	58	9920	23	4197	0.00695652	0.00354809	0.003	0.01	182.478	141.826	48	381	
13	14	11	35	10	4	78	9934	33	4377	0.00809091	0.00401842	0.003	0.017	132.636	86.2818	28	333	
13	14	11	36	13	4	70	9068	21	2577	0.00933333	0.00210555	0.003	0.01	122.714	89.6968	48	286	
13	14	3	37	95	4	66	9070	33	4535	0.00766667	0.00335099	0.003	0.01	137.424	94.9411	48	333	
13	14	3	38	100	4	66	9066	19	3052	0.00926316	0.00460485	0.003	0.017	160.632	115.602	48	381	
13	14	2	39	22	4	64	9066	7	907	0.009	0.00483046	0.003	0.017	129.571	130.841	48	381	
13	14	2	40	23	4	76	9840	26	3392	0.00596154	0.00352682	0.003	0.01	130.462	89.3345	19	286	
13	14	6	41	3	4	74	9838	37	4919	0.003	0	0.003	0.003	132.946	104.708	48	286	
13	14	7	42	3	4	68	9072	34	4536	0.003	0	0.003	0.003	133.412	90.5214	48	286	
13	14	8	43	1	4	78	9840	39	4920	0.003	0	0.003	0.003	126.154	88.3535	48	286	
13	14	7	44	1	4	78	9838	39	4919	0.003	0	0.003	0.003	126.128	96.7042	48	286	
13	14	10	45	3	4	72	9832	36	4916	0.003	0	0.003	0.003	136.556	107.291	48	333	
13	14	11	46	2	4	70	8976	35	4488	0.003	0	0.003	0.003	128.229	89.1961	48	286	
13	14	12	47	1	4	76	9834	38	4917	0.003	0	0.003	0.003	129.395	89.7858	48	286	
13	14	13	48	1	4	70	9068	35	4534	0.003	0	0.003	0.003	129.543	88.2658	48	286	
13	14	4	49	13	4	74	9838	37	4919	0.0082973	0.00304471	0.003	0.01	132.946	89.1042	48	286	
13	14	3	50	90	4	56	9062	29	4627	0.00806896	0.00369296	0.003	0.017	159.552	130.389	48	381	
13	14	5	51	13	4	70	9936	31	3841	0.00751613	0.00425732	0.003	0.017	123.903	90.9998	48	381	
13	14	3	52	71	4	64	9066	32	4533	0.0065	0.003556	0.003	0.01	141.656	99.9311	48	381	
13	14	4	53	14	4	72	9072	26	3246	0.00838461	0.00300768	0.003	0.01	124.846	88.2463	48	333	
13	14	4	54	15	4	76	9170	33	3964	0.0102121	0.00752395	0.003	0.024	120.121	85.0352	48	286	
13	14	3	55	101	4	68	9830	49	7208	0.00985714	0.0044017	0.003	0.017	147.102	97.4058	48	381	
13	14	3	56	84	4	56	9064	28	4532	0.00775	0.00332916	0.003	0.01	161.857	120.925	48	381	
13	14	10	57	7	4	76	9168	23	2532	0.010913	0.00608211	0.003	0.024	110.087	82.9194	48	286	
13	14	4	58	16	4	56	9924	7	697	0.007	0.00374166	0.003	0.01	99.5714	55.9549	48	191	
13	14	5	59	12	4	58	8970	16	2385	0.00825	0.0031305	0.003	0.01	149.062	88.2545	48	333	
13	14	3	60	69	4	72	9930	36	4965	0.00786111	0.00327024	0.003	0.01	137.917	94.2505	48	333	
