% start	end	CellId	IMSI	RNTI	LCID	nTxPDUs	TxBytes	nRxPDUs	RxBytes	delay	stdDev	min	max	PduSize	stdDev	min	max
0	1	3	1	39	4	72	3312	142	6532	0.0137022	0.00349659	0.012674	0.027674	46	0	46	46	
0	1	1	2	1	4	74	3404	146	6716	0.0122911	0.00116637	0.0121541	0.0221541	46	0	46	46	
0	1	3	3	20	4	73	3358	138	6348	0.0398889	0.0287293	0.0122657	0.124266	46	0	46	46	
0	1	6	4	1	4	74	3404	12	552	0.012243	0	0.012243	0.012243	46	0	46	46	
0	1	1	5	2	4	74	3404	146	6716	0.012072	0	0.012072	0.012072	46	0	46	46	
0	1	6	6	2	4	74	3404	12	552	0.0123955	0	0.0123955	0.0123955	46	0	46	46	
0	1	3	7	3	4	74	3404	6	276	0.0133011	0.000894427	0.0123011	0.0143011	46	0	46	46	
0	1	3	8	29	4	73	3358	128	5888	0.0827352	0.0459218	0.0127977	0.192798	46	0	46	46	
0	1	3	9	19	4	74	3404	138	6348	0.0538052	0.0360649	0.00610956	0.13411	46	0	46	46	
0	1	3	10	5	4	74	3404	130	5980	0.0232455	0.0196537	0.00656862	0.103569	46	0	46	46	
0	1	5	11	3	4	74	3404	146	6716	0.0119605	0	0.0119605	0.0119605	46	0	46	46	
0	1	5	12	4	4	74	3404	146	6716	0.0162025	0.00348525	0.012271	0.019271	46	0	46	46	
0	1	3	13	31	4	73	3358	144	6624	0.0186683	0.012638	0.0121405	0.0771405	46	0	46	46	
0	1	3	14	34	4	73	3358	114	5244	0.101846	0.043227	0.0267586	0.192759	46	0	46	46	
0	1	3	15	8	4	74	3404	142	6532	0.0291798	0.0287894	0.0119544	0.111954	46	0	46	46	
0	1	8	16	3	4	74	3404	12	552	0.012437	0	0.012437	0.012437	46	0	46	46	
0	1	8	17	2	4	74	3404	12	552	0.0129087	0	0.0129087	0.0129087	46	0	46	46	
0	1	5	18	2	4	74	3404	146	6716	0.0119723	0	0.0119723	0.0119723	46	0	46	46	
0	1	3	19	41	4	74	3404	112	5152	0.0479163	0.0389015	0.0102199	0.14222	46	0	46	46	
0	1	9	20	1	4	74	3404	146	6716	0.302688	0.203583	0.0120715	0.657071	46	0	46	46	
0	1	4	21	1	4	74	3404	146	6716	0.0122334	0	0.0122334	0.0122334	46	0	46	46	
0	1	13	22	2	4	74	3404	10	460	0.019671	0	0.019671	0.019671	46	0	46	46	
0	1	4	23	5	4	74	3404	144	6624	0.012885	0	0.012885	0.012885	46	0	46	46	
0	1	4	24	3	4	74	3404	146	6716	0.0123955	0	0.0123955	0.0123955	46	0	46	46	
0	1	3	25	37	4	73	3358	130	5980	0.0705916	0.0527392	0.00645312	0.179453	46	0	46	46	
0	1	3	26	23	4	73	3358	80	3680	0.146472	0.0474088	0.0119967	0.212997	46	0	46	46	
0	1	3	27	2	4	74	3404	6	276	0.0138696	0.000894427	0.0128696	0.0148696	46	0	46	46	
0	1	3	28	28	4	73	3358	142	6532	0.0221502	0.022778	0.0101502	0.11215	46	0	46	46	
0	1	3	29	40	4	74	3404	38	1748	0.0489642	0.039377	0.00875372	0.126754	46	0	46	46	
0	1	4	30	4	4	74	3404	144	6624	0.0129101	0	0.0129101	0.0129101	46	0	46	46	
0	1	3	31	24	4	73	3358	140	6440	0.0358044	0.0359212	0.0119758	0.141976	46	0	46	46	
0	1	3	32	22	4	73	3358	142	6532	0.0287934	0.00611843	0.0121032	0.0531032	46	0	46	46	
0	1	3	33	38	4	72	3312	92	4232	0.0657436	0.0546359	0.0127219	0.192722	46	0	46	46	
0	1	3	34	4	4	74	3404	122	5612	0.0284616	0.0345808	0.0106583	0.153658	46	0	46	46	
0	1	2	35	1	4	74	3404	146	6716	0.0129018	0	0.0129018	0.0129018	46	0	46	46	
0	1	10	36	1	4	74	3404	12	552	0.019493	0	0.019493	0.019493	46	0	46	46	
0	1	2	37	2	4	74	3404	116	5336	0.0122445	0	0.0122445	0.0122445	46	0	46	46	
0	1	10	38	2	4	74	3404	12	552	0.0119471	0	0.0119471	0.0119471	46	0	46	46	
0	1	2	39	3	4	74	3404	140	6440	0.0145605	0.00579896	0.0119891	0.0419891	46	0	46	46	
0	1	11	40	3	4	73	3358	102	4692	0.0692433	0.0514969	0.0123414	0.172341	46	0	46	46	
0	1	6	41	3	4	74	3404	10	460	0.0129018	0	0.0129018	0.0129018	46	0	46	46	
0	1	7	42	3	4	74	3404	146	6716	0.0121054	0	0.0121054	0.0121054	46	0	46	46	
0	1	8	43	1	4	74	3404	146	6716	0.305455	0.200827	0.00849594	0.652496	46	0	46	46	
0	1	7	44	1	4	74	3404	10	460	0.01283	0	0.01283	0.01283	46	0	46	46	
0	1	10	45	3	4	74	3404	12	552	0.0121441	0	0.0121441	0.0121441	46	0	46	46	
0	1	11	46	2	4	74	3404	10	460	0.0128642	0	0.0128642	0.0128642	46	0	46	46	
0	1	12	47	1	4	74	3404	12	552	0.0121902	0	0.0121902	0.0121902	46	0	46	46	
0	1	13	48	1	4	73	3358	10	460	0.0128052	0	0.0128052	0.0128052	46	0	46	46	
0	1	3	49	18	4	74	3404	102	4692	0.135989	0.06334	0.00698944	0.221989	46	0	46	46	
0	1	7	50	2	4	74	3404	12	552	0.0121048	0	0.0121048	0.0121048	46	0	46	46	
0	1	5	51	5	4	74	3404	146	6716	0.0122881	0	0.0122881	0.0122881	46	0	46	46	
0	1	3	52	32	4	73	3358	60	2760	0.11617	0.0646663	0.0102032	0.217203	46	0	46	46	
0	1	3	53	35	4	73	3358	88	4048	0.0515376	0.0454833	0.0124922	0.182492	46	0	46	46	
0	1	3	54	7	4	74	3404	142	6532	0.0356726	0.0246021	0.0102642	0.133264	46	0	46	46	
0	1	3	55	1	4	74	3404	6	276	0.0137368	0.000894427	0.0127368	0.0147368	46	0	46	46	
0	1	3	56	21	4	73	3358	132	6072	0.0273499	0.0208642	0.0124712	0.0924712	46	0	46	46	
0	1	11	57	1	4	74	3404	12	552	0.0122038	0	0.0122038	0.0122038	46	0	46	46	
0	1	3	58	30	4	73	3358	108	4968	0.0399636	0.0280453	0.0118895	0.12689	46	0	46	46	
0	1	3	59	6	4	74	3404	124	5704	0.0701584	0.0383664	0.00475521	0.142755	46	0	46	46	
0	1	3	60	17	4	74	3404	132	6072	0.0727774	0.0549023	0.00824714	0.216247	46	0	46	46	
1	2	3	1	39	4	100	4600	142	6532	0.0452937	0.0503597	0.012674	0.199674	46	0	46	46	
1	2	3	2	47	4	100	4600	198	9108	0.0135278	0.00465584	0.0101541	0.0401541	46	0	46	46	
1	2	3	3	20	4	100	4600	188	8648	0.0752019	0.0591965	0.0192657	0.214266	46	0	46	46	
1	2	3	4	43	4	100	4600	104	4784	0.0260892	0.00539466	0.012243	0.038243	46	0	46	46	
1	2	1	5	2	4	100	4600	200	9200	0.012142	0.000698239	0.012072	0.019072	46	0	46	46	
1	2	6	6	2	4	100	4600	0	0	0	0	0	0	0	0	0	0	
1	2	3	7	3	4	100	4600	16	736	1.64243	0.0054757	1.6333	1.6493	46	0	46	46	
1	2	3	8	29	4	100	4600	194	8924	0.0617153	0.0600435	0.0127977	0.223798	46	0	46	46	
1	2	3	9	19	4	100	4600	178	8188	0.0388511	0.0378351	0.0121096	0.16211	46	0	46	46	
1	2	3	10	5	4	100	4600	204	9384	0.0642843	0.0654942	0.00656862	0.254569	46	0	46	46	
1	2	5	11	3	4	100	4600	200	9200	0.0123805	0.00166658	0.0119605	0.0189605	46	0	46	46	
1	2	5	12	4	4	100	4600	164	7544	0.0211247	0.0236732	0.012271	0.139271	46	0	46	46	
1	2	3	13	31	4	100	4600	198	9108	0.0190395	0.0189332	0.0121405	0.112141	46	0	46	46	
1	2	3	14	34	4	100	4600	190	8740	0.0469059	0.0374313	0.0127586	0.156759	46	0	46	46	
1	2	3	15	8	4	100	4600	196	9016	0.0239748	0.0255475	0.0119544	0.111954	46	0	46	46	
1	2	3	16	44	4	100	4600	100	4600	0.033477	0.0248307	0.019437	0.119437	46	0	46	46	
1	2	8	17	2	4	100	4600	0	0	0	0	0	0	0	0	0	0	
1	2	5	18	2	4	100	4600	178	8188	0.0515341	0.0563548	0.0119723	0.176972	46	0	46	46	
1	2	3	19	41	4	100	4600	190	8740	0.0582936	0.0451395	0.0122199	0.18622	46	0	46	46	
1	2	5	20	6	4	100	4600	108	4968	0.0646085	0.0547571	0.0120715	0.179071	46	0	46	46	
1	2	4	21	1	4	100	4600	198	9108	0.0122334	0	0.0122334	0.0122334	46	0	46	46	
1	2	13	22	2	4	100	4600	0	0	0	0	0	0	0	0	0	0	
1	2	3	23	46	4	100	4600	170	7820	0.0230497	0.037848	0.00488504	0.192885	46	0	46	46	
1	2	3	24	45	4	100	4600	194	8924	0.0127357	0.00213477	0.00539551	0.0263955	46	0	46	46	
1	2	3	25	37	4	100	4600	184	8464	0.0678336	0.0608434	0.0124531	0.212453	46	0	46	46	
1	2	3	26	23	4	100	4600	126	5796	0.163949	0.034674	0.0929967	0.232997	46	0	46	46	
1	2	3	27	2	4	100	4600	54	2484	1.02561	0.0319983	0.97287	1.07787	46	0	46	46	
1	2	3	28	28	4	100	4600	144	6624	0.0467752	0.0528027	0.0121502	0.19915	46	0	46	46	
1	2	3	29	40	4	100	4600	184	8464	0.119036	0.0497228	0.0167537	0.226754	46	0	46	46	
1	2	13	30	3	4	100	4600	196	9016	0.0351958	0.0392985	0.00491007	0.17091	46	0	46	46	
1	2	3	31	24	4	100	4600	198	9108	0.018188	0.018924	0.0119758	0.111976	46	0	46	46	
1	2	3	32	22	4	100	4600	200	9200	0.0274532	0.00470512	0.0121032	0.0331032	46	0	46	46	
1	2	3	33	38	4	100	4600	176	8096	0.110745	0.0642093	0.0127219	0.229722	46	0	46	46	
1	2	3	34	4	4	100	4600	84	3864	0.368539	0.158405	0.133658	0.650658	46	0	46	46	
1	2	2	35	1	4	100	4600	200	9200	0.0129018	0	0.0129018	0.0129018	46	0	46	46	
1	2	10	36	1	4	100	4600	0	0	0	0	0	0	0	0	0	0	
1	2	3	37	42	4	100	4600	222	10212	0.0592445	0.0650164	0.00524454	0.255245	46	0	46	46	
1	2	10	38	2	4	100	4600	332	15272	0.352405	0.346874	0.00494707	1.04695	46	0	46	46	
1	2	3	39	48	4	100	4600	204	9384	0.0213323	0.0170415	0.0109891	0.101989	46	0	46	46	
1	2	11	40	3	4	100	4600	18	828	0.397897	0.441338	0.0123414	0.892341	46	0	46	46	
1	2	6	41	3	4	100	4600	0	0	0	0	0	0	0	0	0	0	
1	2	7	42	3	4	100	4600	106	4876	0.0121054	0	0.0121054	0.0121054	46	0	46	46	
1	2	8	43	1	4	100	4600	200	9200	0.0129159	0.00166658	0.0124959	0.0194959	46	0	46	46	
1	2	7	44	1	4	100	4600	336	15456	0.786312	0.478499	0.00482999	1.61083	46	0	46	46	
1	2	10	45	3	4	100	4600	334	15364	0.805952	0.464414	0.0101441	1.60514	46	0	46	46	
1	2	11	46	2	4	100	4600	334	15364	0.349972	0.347927	0.0048642	1.04986	46	0	46	46	
1	2	12	47	1	4	100	4600	0	0	0	0	0	0	0	0	0	0	
1	2	13	48	1	4	100	4600	0	0	0	0	0	0	0	0	0	0	
1	2	3	49	18	4	100	4600	118	5428	0.117989	0.044268	0.0329894	0.212989	46	0	46	46	
1	2	1	50	3	4	100	4600	118	5428	0.0176641	0.0165031	0.0091048	0.0881048	46	0	46	46	
1	2	5	51	5	4	100	4600	198	9108	0.0124295	0.000987332	0.0122881	0.0192881	46	0	46	46	
1	2	3	52	32	4	100	4600	156	7176	0.119216	0.0563071	0.0122032	0.217203	46	0	46	46	
1	2	3	53	35	4	100	4600	178	8188	0.120706	0.0711998	0.0124922	0.232492	46	0	46	46	
1	2	3	54	7	4	100	4600	200	9200	0.0269542	0.00542041	0.0122642	0.0332642	46	0	46	46	
1	2	3	55	1	4	100	4600	0	0	0	0	0	0	0	0	0	0	
1	2	3	56	21	4	100	4600	82	3772	0.0966175	0.05553	0.0124712	0.192471	46	0	46	46	
1	2	11	57	1	4	100	4600	0	0	0	0	0	0	0	0	0	0	
1	2	3	58	30	4	100	4600	214	9844	0.0675904	0.0507431	0.0168895	0.20689	46	0	46	46	
1	2	5	59	7	4	100	4600	90	4140	0.116933	0.0511474	0.0207552	0.216755	46	0	46	46	
1	2	3	60	17	4	100	4600	102	4692	0.0838942	0.05111	0.0262471	0.176247	46	0	46	46	
2	3	1	1	5	4	100	4600	124	5704	0.129013	0.058157	0.012674	0.219674	46	0	46	46	
2	3	3	2	47	4	100	4600	152	6992	0.0847593	0.0519309	0.0121541	0.186154	46	0	46	46	
2	3	1	3	4	4	100	4600	140	6440	0.0609371	0.0497255	0.0122657	0.196266	46	0	46	46	
2	3	3	4	43	4	100	4600	160	7360	0.102743	0.0495095	0.026243	0.216243	46	0	46	46	
2	3	3	5	49	4	100	4600	180	8280	0.0342831	0.0307934	0.012072	0.119072	46	0	46	46	
2	3	6	6	2	4	100	4600	534	24564	0.76868	0.660126	0.0073955	2.0034	46	0	46	46	
2	3	3	7	3	4	100	4600	244	11224	1.44706	0.135185	1.2173	1.6283	46	0	46	46	
2	3	3	8	29	4	100	4600	142	6532	0.0964456	0.0725531	0.0127977	0.222798	46	0	46	46	
2	3	1	9	6	4	100	4600	168	7728	0.127395	0.0545994	0.0121096	0.21711	46	0	46	46	
2	3	3	10	5	4	100	4600	198	9108	0.015306	0.00313353	0.00656862	0.0235686	46	0	46	46	
2	3	5	11	3	4	100	4600	200	9200	0.0147205	0.00346445	0.0119605	0.0199605	46	0	46	46	
2	3	5	12	4	4	100	4600	192	8832	0.0526356	0.0551506	0.012271	0.209271	46	0	46	46	
2	3	3	13	31	4	100	4600	158	7268	0.117178	0.0520665	0.0121405	0.202141	46	0	46	46	
2	3	3	14	34	4	100	4600	138	6348	0.0991064	0.0681392	0.0127586	0.212759	46	0	46	46	
2	3	3	15	8	4	100	4600	152	6992	0.0884018	0.0550324	0.0109544	0.211954	46	0	46	46	
2	3	3	16	44	4	100	4600	126	5796	0.119262	0.0535398	0.012437	0.216437	46	0	46	46	
2	3	3	17	55	4	100	4600	60	2760	0.0383087	0.0327586	0.00490868	0.120909	46	0	46	46	
2	3	3	18	57	4	100	4600	174	8004	0.087593	0.0483576	0.00497228	0.205972	46	0	46	46	
2	3	3	19	41	4	100	4600	116	5336	0.0940475	0.0580738	0.0122199	0.21222	46	0	46	46	
2	3	3	20	58	4	100	4600	254	11684	0.0658431	0.0861518	0.0120715	0.342071	46	0	46	46	
2	3	4	21	1	4	100	4600	194	8924	0.0384705	0.0404087	0.0122334	0.169233	46	0	46	46	
2	3	3	22	53	4	100	4600	52	2392	0.0734786	0.0596756	0.012671	0.199671	46	0	46	46	
2	3	3	23	46	4	100	4600	144	6624	0.0896906	0.0648945	0.012885	0.212885	46	0	46	46	
2	3	3	24	45	4	100	4600	116	5336	0.110844	0.0556246	0.0123955	0.203396	46	0	46	46	
2	3	3	25	37	4	100	4600	172	7912	0.105	0.0598438	0.0124531	0.222453	46	0	46	46	
2	3	13	26	5	4	100	4600	114	5244	0.158611	0.031819	0.0329967	0.212997	46	0	46	46	
2	3	3	27	2	4	100	4600	30	1380	2.33887	0.0352136	2.28187	2.39287	46	0	46	46	
2	3	3	28	28	4	100	4600	142	6532	0.0932066	0.0620711	0.0191502	0.21915	46	0	46	46	
2	3	3	29	40	4	100	4600	124	5704	0.14627	0.0366671	0.0767537	0.216754	46	0	46	46	
2	3	3	30	54	4	100	4600	94	4324	0.100378	0.0403041	0.00991007	0.19591	46	0	46	46	
2	3	3	31	24	4	100	4600	166	7636	0.0707951	0.0654397	0.0119758	0.201976	46	0	46	46	
2	3	3	32	22	4	100	4600	108	4968	0.14314	0.0467097	0.0261032	0.226103	46	0	46	46	
2	3	3	33	38	4	100	4600	168	7728	0.0997219	0.0604203	0.00472187	0.222722	46	0	46	46	
2	3	10	34	4	4	100	4600	248	11408	0.25915	0.265827	0.0126583	0.746658	46	0	46	46	
2	3	3	35	50	4	100	4600	142	6532	0.0493807	0.0449431	0.0119018	0.176902	46	0	46	46	
2	3	3	36	51	4	100	4600	88	4048	0.136811	0.0475166	0.026493	0.219493	46	0	46	46	
2	3	3	37	42	4	100	4600	152	6992	0.101587	0.0515355	0.0122445	0.206245	46	0	46	46	
2	3	3	38	52	4	100	4600	166	7636	0.0402603	0.0352497	0.00694707	0.142947	46	0	46	46	
2	3	3	39	48	4	100	4600	164	7544	0.0971111	0.0472351	0.0119891	0.185989	46	0	46	46	
2	3	2	40	5	4	100	4600	322	14812	0.255447	0.286966	0.0123414	0.887341	46	0	46	46	
2	3	6	41	3	4	100	4600	0	0	0	0	0	0	0	0	0	0	
2	3	7	42	3	4	100	4600	0	0	0	0	0	0	0	0	0	0	
2	3	8	43	1	4	100	4600	198	9108	0.0177283	0.00364358	0.0124959	0.0264959	46	0	46	46	
2	3	7	44	1	4	100	4600	194	8924	0.0131186	0.00139547	0.01283	0.01983	46	0	46	46	
2	3	10	45	3	4	100	4600	198	9108	0.012437	0.00103003	0.0121441	0.0191441	46	0	46	46	
2	3	11	46	2	4	100	4600	194	8924	0.0128642	0	0.0128642	0.0128642	46	0	46	46	
2	3	12	47	1	4	100	4600	0	0	0	0	0	0	0	0	0	0	
2	3	13	48	1	4	100	4600	0	0	0	0	0	0	0	0	0	0	
2	3	3	49	18	4	100	4600	144	6624	0.102156	0.053348	0.0119894	0.212989	46	0	46	46	
2	3	1	50	3	4	100	4600	200	9200	0.0121048	0	0.0121048	0.0121048	46	0	46	46	
2	3	5	51	5	4	100	4600	200	9200	0.0166281	0.00395761	0.0122881	0.0332881	46	0	46	46	
2	3	3	52	32	4	100	4600	102	4692	0.121733	0.066275	0.0122032	0.219203	46	0	46	46	
2	3	3	53	35	4	100	4600	108	4968	0.145048	0.0495085	0.0194922	0.219492	46	0	46	46	
2	3	3	54	7	4	100	4600	198	9108	0.0205874	0.018483	0.00926419	0.112264	46	0	46	46	
2	3	2	55	4	4	100	4600	78	3588	0.430429	0.825804	0.0127368	2.08674	46	0	46	46	
2	3	3	56	56	4	100	4600	86	3956	0.0550991	0.0504148	0.0124712	0.169471	46	0	46	46	
2	3	11	57	1	4	100	4600	0	0	0	0	0	0	0	0	0	0	
2	3	13	58	4	4	100	4600	112	5152	0.121765	0.0547512	0.0128895	0.20389	46	0	46	46	
2	3	5	59	7	4	100	4600	200	9200	0.0133352	0.00215565	0.0127552	0.0227552	46	0	46	46	
2	3	6	60	4	4	100	4600	94	4324	0.12063	0.0564172	0.0122471	0.216247	46	0	46	46	
3	4	1	1	5	4	100	4600	200	9200	0.016254	0.0133805	0.010674	0.090674	46	0	46	46	
3	4	1	2	9	4	100	4600	140	6440	0.0444683	0.0524125	0.0121541	0.206154	46	0	46	46	
3	4	1	3	4	4	100	4600	198	9108	0.0153869	0.00358018	0.0122657	0.0202657	46	0	46	46	
3	4	3	4	43	4	100	4600	48	2208	0.14216	0.0367614	0.093243	0.223243	46	0	46	46	
3	4	3	5	49	4	100	4600	106	4876	0.169846	0.0272013	0.126072	0.226072	46	0	46	46	
3	4	1	6	7	4	100	4600	196	9016	0.0188343	0.0152134	0.0123955	0.0953955	46	0	46	46	
3	4	3	7	3	4	100	4600	0	0	0	0	0	0	0	0	0	0	
3	4	3	8	29	4	100	4600	134	6164	0.0652455	0.0696387	0.0127977	0.212798	46	0	46	46	
3	4	1	9	6	4	100	4600	194	8924	0.0258518	0.0194501	0.0131096	0.12011	46	0	46	46	
3	4	1	10	10	4	100	4600	186	8556	0.0216546	0.0157807	0.00756862	0.0985686	46	0	46	46	
3	4	5	11	3	4	100	4600	138	6348	0.0986416	0.0663568	0.0119605	0.21396	46	0	46	46	
3	4	5	12	4	4	100	4600	214	9844	0.0296075	0.0248688	0.012271	0.119271	46	0	46	46	
3	4	3	13	31	4	100	4600	126	5796	0.151855	0.0480038	0.0441405	0.234141	46	0	46	46	
3	4	3	14	34	4	100	4600	144	6624	0.0932308	0.0646198	0.0127586	0.202759	46	0	46	46	
3	4	3	15	59	4	100	4600	136	6256	0.0445426	0.0544367	0.0119544	0.211954	46	0	46	46	
3	4	3	16	44	4	100	4600	62	2852	0.156631	0.0406806	0.076437	0.216437	46	0	46	46	
3	4	3	17	55	4	100	4600	126	5796	0.0863373	0.057433	0.0129087	0.196909	46	0	46	46	
3	4	3	18	57	4	100	4600	38	1748	0.161867	0.0357754	0.111972	0.222972	46	0	46	46	
3	4	9	19	2	4	100	4600	142	6532	0.113178	0.0658042	0.0122199	0.22622	46	0	46	46	
3	4	3	20	58	4	100	4600	116	5336	0.129796	0.0525055	0.0230715	0.211071	46	0	46	46	
3	4	4	21	1	4	100	4600	196	9016	0.0304885	0.0257671	0.0122334	0.119233	46	0	46	46	
3	4	3	22	53	4	100	4600	114	5244	0.165636	0.0303291	0.109671	0.219671	46	0	46	46	
3	4	3	23	46	4	100	4600	148	6808	0.0791283	0.0655907	0.012885	0.192885	46	0	46	46	
3	4	3	24	45	4	100	4600	148	6808	0.137733	0.0394545	0.0333955	0.210396	46	0	46	46	
3	4	3	25	37	4	100	4600	144	6624	0.0851198	0.0513265	0.0134531	0.223453	46	0	46	46	
3	4	13	26	5	4	100	4600	202	9292	0.0270066	0.00288587	0.0189967	0.0329967	46	0	46	46	
3	4	3	27	2	4	100	4600	598	27508	0.984639	0.752439	0.00586957	2.27387	46	0	46	46	
3	4	4	28	6	4	100	4600	144	6624	0.135692	0.0559022	0.0121502	0.21915	46	0	46	46	
3	4	3	29	40	4	100	4600	76	3496	0.175175	0.0297121	0.116754	0.226754	46	0	46	46	
3	4	3	30	54	4	100	4600	116	5336	0.138945	0.0439228	0.0259101	0.20991	46	0	46	46	
3	4	3	31	24	4	100	4600	130	5980	0.126791	0.0612528	0.0159758	0.223976	46	0	46	46	
3	4	2	32	6	4	100	4600	46	2116	0.137755	0.0795245	0.0121032	0.243103	46	0	46	46	
3	4	3	33	38	4	100	4600	132	6072	0.070631	0.0529129	0.0137219	0.203722	46	0	46	46	
3	4	10	34	4	4	100	4600	196	9016	0.0243215	0.0183437	0.0126583	0.112658	46	0	46	46	
3	4	3	35	50	4	100	4600	114	5244	0.133972	0.0520571	0.0439018	0.233902	46	0	46	46	
3	4	3	36	51	4	100	4600	110	5060	0.145038	0.0332032	0.079493	0.209493	46	0	46	46	
3	4	2	37	7	4	100	4600	60	2760	0.123378	0.0656445	0.0122445	0.200245	46	0	46	46	
3	4	3	38	52	4	100	4600	142	6532	0.0803133	0.062551	0.0119471	0.208947	46	0	46	46	
3	4	3	39	48	4	100	4600	72	3312	0.169656	0.0279335	0.127989	0.227989	46	0	46	46	
3	4	10	40	5	4	100	4600	156	7176	0.0551619	0.0472939	0.0123414	0.172341	46	0	46	46	
3	4	6	41	3	4	100	4600	0	0	0	0	0	0	0	0	0	0	
3	4	7	42	3	4	100	4600	0	0	0	0	0	0	0	0	0	0	
3	4	8	43	1	4	100	4600	200	9200	0.0157159	0.00363561	0.0124959	0.0264959	46	0	46	46	
3	4	7	44	1	4	100	4600	196	9016	0.0558096	0.0515984	0.01983	0.19983	46	0	46	46	
3	4	10	45	3	4	100	4600	188	8648	0.0149207	0.00347383	0.0121441	0.0261441	46	0	46	46	
3	4	11	46	2	4	100	4600	192	8832	0.0302705	0.0374567	0.0048642	0.169864	46	0	46	46	
3	4	12	47	1	4	100	4600	0	0	0	0	0	0	0	0	0	0	
3	4	13	48	1	4	100	4600	0	0	0	0	0	0	0	0	0	0	
3	4	3	49	18	4	100	4600	120	5520	0.142989	0.0351085	0.0719894	0.221989	46	0	46	46	
3	4	1	50	3	4	100	4600	200	9200	0.0124148	0.0017113	0.0121048	0.0221048	46	0	46	46	
3	4	5	51	5	4	100	4600	166	7636	0.0258785	0.0257334	0.0122881	0.119288	46	0	46	46	
3	4	3	52	32	4	100	4600	112	5152	0.158632	0.0377793	0.0632032	0.219203	46	0	46	46	
3	4	3	53	35	4	100	4600	108	4968	0.157826	0.0347353	0.0894922	0.219492	46	0	46	46	
3	4	3	54	7	4	100	4600	202	9292	0.0154226	0.00335238	0.00826419	0.0272642	46	0	46	46	
3	4	2	55	4	4	100	4600	198	9108	0.013656	0.00237019	0.0127368	0.0197368	46	0	46	46	
3	4	3	56	56	4	100	4600	148	6808	0.0725657	0.0672629	0.0124712	0.209471	46	0	46	46	
3	4	11	57	1	4	100	4600	0	0	0	0	0	0	0	0	0	0	
3	4	13	58	4	4	100	4600	12	552	0.0198895	0	0.0198895	0.0198895	46	0	46	46	
3	4	5	59	7	4	100	4600	200	9200	0.0139752	0.00271819	0.0127552	0.0227552	46	0	46	46	
3	4	1	60	8	4	100	4600	160	7360	0.0232846	0.0149232	0.0122471	0.0962471	46	0	46	46	
4	5	1	1	5	4	100	4600	200	9200	0.013414	0.00210106	0.012674	0.019674	46	0	46	46	
4	5	1	2	9	4	100	4600	182	8372	0.021242	0.00349474	0.0191541	0.0331541	46	0	46	46	
4	5	3	3	64	4	100	4600	194	8924	0.0140904	0.0031011	0.0122657	0.0222657	46	0	46	46	
4	5	3	4	43	4	100	4600	72	3312	0.163965	0.0339425	0.093243	0.233243	46	0	46	46	
4	5	3	5	49	4	100	4600	122	5612	0.120646	0.061868	0.016072	0.216072	46	0	46	46	
4	5	3	6	65	4	100	4600	194	8924	0.031045	0.0279252	0.0103955	0.119395	46	0	46	46	
4	5	3	7	3	4	100	4600	0	0	0	0	0	0	0	0	0	0	
4	5	3	8	29	4	100	4600	138	6348	0.12629	0.0596842	0.0127977	0.232798	46	0	46	46	
4	5	3	9	63	4	100	4600	140	6440	0.0494381	0.0359026	0.0121096	0.13311	46	0	46	46	
4	5	6	10	5	4	100	4600	178	8188	0.0859282	0.0554204	0.0125686	0.210569	46	0	46	46	
4	5	5	11	3	4	100	4600	220	10120	0.0894878	0.0486707	0.0119605	0.18596	46	0	46	46	
4	5	5	12	4	4	100	4600	194	8924	0.0328071	0.0322146	0.012271	0.119271	46	0	46	46	
4	5	3	13	31	4	100	4600	158	7268	0.129837	0.0439074	0.0341405	0.224141	46	0	46	46	
4	5	3	14	34	4	100	4600	134	6164	0.122923	0.0565091	0.0127586	0.232759	46	0	46	46	
4	5	3	15	59	4	100	4600	148	6808	0.132495	0.0428524	0.0199544	0.205954	46	0	46	46	
4	5	3	16	44	4	100	4600	132	6072	0.120619	0.0478569	0.019437	0.216437	46	0	46	46	
4	5	9	17	3	4	100	4600	92	4232	0.147561	0.0601212	0.0129087	0.232909	46	0	46	46	
4	5	3	18	57	4	100	4600	112	5152	0.156722	0.035946	0.0729723	0.222972	46	0	46	46	
4	5	3	19	61	4	100	4600	156	7176	0.0612455	0.063573	0.0122199	0.21022	46	0	46	46	
4	5	3	20	58	4	100	4600	148	6808	0.132207	0.0527678	0.0190715	0.221071	46	0	46	46	
4	5	4	21	1	4	100	4600	202	9292	0.0164413	0.0041305	0.0122334	0.0332334	46	0	46	46	
4	5	3	22	53	4	100	4600	128	5888	0.122437	0.0548391	0.015671	0.219671	46	0	46	46	
4	5	3	23	46	4	100	4600	144	6624	0.124691	0.06162	0.012885	0.222885	46	0	46	46	
4	5	3	24	45	4	100	4600	118	5428	0.113921	0.0537297	0.0123955	0.220396	46	0	46	46	
4	5	3	25	37	4	100	4600	170	7820	0.122065	0.0394951	0.0234531	0.193453	46	0	46	46	
4	5	13	26	5	4	100	4600	148	6808	0.0187129	0.0229934	0.0119967	0.132997	46	0	46	46	
4	5	3	27	2	4	100	4600	218	10028	0.0208329	0.023777	0.00486957	0.13387	46	0	46	46	
4	5	4	28	6	4	100	4600	200	9200	0.2203	0.213724	0.00515023	0.64715	46	0	46	46	
4	5	3	29	40	4	100	4600	68	3128	0.143048	0.0350782	0.0837537	0.223754	46	0	46	46	
4	5	13	30	6	4	100	4600	88	4048	0.154001	0.0391471	0.0199101	0.21991	46	0	46	46	
4	5	3	31	24	4	100	4600	162	7452	0.134223	0.0467576	0.0339758	0.223976	46	0	46	46	
4	5	11	32	6	4	100	4600	178	8188	0.0373841	0.0512151	0.0121032	0.212103	46	0	46	46	
4	5	3	33	38	4	100	4600	146	6716	0.150434	0.0353526	0.0737219	0.233722	46	0	46	46	
4	5	3	34	60	4	100	4600	140	6440	0.0649297	0.0445834	0.00765828	0.173658	46	0	46	46	
4	5	2	35	10	4	100	4600	50	2300	0.153062	0.0722059	0.0129018	0.223902	46	0	46	46	
4	5	2	36	11	4	100	4600	76	3496	0.151861	0.0698583	0.012493	0.234493	46	0	46	46	
4	5	2	37	7	4	100	4600	184	8464	0.0159293	0.0136617	0.00924454	0.0892445	46	0	46	46	
4	5	3	38	52	4	100	4600	116	5336	0.122068	0.0426994	0.0189471	0.218947	46	0	46	46	
4	5	3	39	48	4	100	4600	84	3864	0.162799	0.0356261	0.0779891	0.217989	46	0	46	46	
4	5	2	40	8	4	100	4600	220	10120	0.0339505	0.0416811	0.00634136	0.186341	46	0	46	46	
4	5	6	41	3	4	100	4600	0	0	0	0	0	0	0	0	0	0	
4	5	7	42	3	4	100	4600	0	0	0	0	0	0	0	0	0	0	
4	5	8	43	1	4	100	4600	202	9292	0.0156841	0.00349474	0.0124959	0.0194959	46	0	46	46	
4	5	7	44	1	4	100	4600	198	9108	0.0170421	0.00356028	0.01283	0.02683	46	0	46	46	
4	5	10	45	3	4	100	4600	0	0	0	0	0	0	0	0	0	0	
4	5	11	46	2	4	100	4600	214	9844	0.31407	0.265329	0.0108642	0.809864	46	0	46	46	
4	5	12	47	1	4	100	4600	0	0	0	0	0	0	0	0	0	0	
4	5	13	48	1	4	100	4600	0	0	0	0	0	0	0	0	0	0	
4	5	3	49	18	4	100	4600	122	5612	0.10694	0.0601099	0.0119894	0.221989	46	0	46	46	
4	5	1	50	3	4	100	4600	82	3772	0.0121048	0	0.0121048	0.0121048	46	0	46	46	
4	5	5	51	5	4	100	4600	220	10120	0.0536426	0.0473239	0.0122881	0.189288	46	0	46	46	
4	5	3	52	32	4	100	4600	118	5428	0.134796	0.05086	0.0122032	0.219203	46	0	46	46	
4	5	13	53	7	4	100	4600	86	3956	0.137725	0.0548065	0.0124922	0.219492	46	0	46	46	
4	5	3	54	7	4	100	4600	200	9200	0.0139942	0.00325424	0.00526419	0.0212642	46	0	46	46	
4	5	3	55	62	4	100	4600	180	8280	0.0224368	0.0194548	0.0107368	0.112737	46	0	46	46	
4	5	11	56	5	4	100	4600	56	2576	0.0806497	0.0644445	0.0124712	0.182471	46	0	46	46	
4	5	2	57	9	4	100	4600	168	7728	2.52863	1.90318	0.00820378	4.3352	46	0	46	46	
4	5	13	58	4	4	100	4600	0	0	0	0	0	0	0	0	0	0	
4	5	5	59	7	4	100	4600	198	9108	0.020836	0.0125586	0.0127552	0.0727552	46	0	46	46	
4	5	1	60	8	4	100	4600	194	8924	0.0372368	0.0300088	0.0192471	0.120247	46	0	46	46	
5	6	1	1	5	4	100	4600	200	9200	0.016174	0.013383	0.010674	0.090674	46	0	46	46	
5	6	3	2	68	4	100	4600	132	6072	0.0700783	0.0576153	0.00615406	0.208154	46	0	46	46	
5	6	3	3	64	4	100	4600	124	5704	0.150653	0.0443634	0.0522657	0.222266	46	0	46	46	
5	6	3	4	43	4	100	4600	36	1656	0.171243	0.0331662	0.116243	0.226243	46	0	46	46	
5	6	3	5	49	4	100	4600	134	6164	0.150266	0.035563	0.069072	0.209072	46	0	46	46	
5	6	3	6	65	4	100	4600	168	7728	0.042955	0.0310354	0.0083955	0.143395	46	0	46	46	
5	6	3	7	3	4	100	4600	156	7176	3.71949	0.0649719	3.6113	3.8693	46	0	46	46	
5	6	3	8	29	4	100	4600	214	9844	0.0310594	0.035962	0.0127977	0.162798	46	0	46	46	
5	6	3	9	63	4	100	4600	86	3956	0.136598	0.057651	0.0511096	0.27311	46	0	46	46	
5	6	1	10	11	4	100	4600	122	5612	0.028044	0.0241069	0.0125686	0.119569	46	0	46	46	
5	6	5	11	3	4	100	4600	206	9476	0.0170867	0.0106754	0.0119605	0.0649605	46	0	46	46	
5	6	5	12	4	4	100	4600	200	9200	0.015211	0.00346358	0.012271	0.019271	46	0	46	46	
5	6	3	13	31	4	100	4600	182	8372	0.0698218	0.0398996	0.0201405	0.173141	46	0	46	46	
5	6	3	14	34	4	100	4600	186	8556	0.0437263	0.0475373	0.0127586	0.172759	46	0	46	46	
5	6	3	15	59	4	100	4600	214	9844	0.0388796	0.0238421	0.0119544	0.125954	46	0	46	46	
5	6	3	16	44	4	100	4600	134	6164	0.156601	0.0323889	0.079437	0.219437	46	0	46	46	
5	6	9	17	3	4	100	4600	202	9292	0.0133938	0.00178224	0.0129087	0.0199087	46	0	46	46	
5	6	3	18	57	4	100	4600	48	2208	0.178806	0.0298816	0.132972	0.232972	46	0	46	46	
5	6	3	19	61	4	100	4600	198	9108	0.062331	0.0452225	0.0122199	0.17222	46	0	46	46	
5	6	3	20	58	4	100	4600	206	9476	0.0661588	0.0407522	0.0130715	0.164071	46	0	46	46	
5	6	4	21	1	4	100	4600	198	9108	0.0194455	0.00253412	0.0122334	0.0262334	46	0	46	46	
5	6	3	22	53	4	100	4600	148	6808	0.141671	0.0437709	0.022671	0.212671	46	0	46	46	
5	6	3	23	46	4	100	4600	184	8464	0.0415916	0.0375284	0.012885	0.142885	46	0	46	46	
5	6	3	24	45	4	100	4600	178	8188	0.0501483	0.0479065	0.0123955	0.192396	46	0	46	46	
5	6	3	25	37	4	100	4600	152	6992	0.0871505	0.0363701	0.0164531	0.163453	46	0	46	46	
5	6	3	26	66	4	100	4600	60	2760	0.14593	0.0333882	0.0839967	0.212997	46	0	46	46	
5	6	3	27	2	4	100	4600	200	9200	0.0141196	0.004421	0.00486957	0.0258696	46	0	46	46	
5	6	4	28	6	4	100	4600	200	9200	0.0934202	0.122382	0.00515023	0.40715	46	0	46	46	
5	6	3	29	40	4	100	4600	156	7176	0.120318	0.0565265	0.0197537	0.233754	46	0	46	46	
5	6	4	30	7	4	100	4600	170	7820	0.0277924	0.0291133	0.0119101	0.11991	46	0	46	46	
5	6	3	31	24	4	100	4600	132	6072	0.137188	0.0433141	0.0369758	0.233976	46	0	46	46	
5	6	11	32	6	4	100	4600	198	9108	0.0229618	0.00680551	0.0121032	0.0331032	46	0	46	46	
5	6	2	33	12	4	100	4600	188	8648	0.0903176	0.0545387	0.0117219	0.203722	46	0	46	46	
5	6	3	34	60	4	100	4600	162	7452	0.0786953	0.0435863	0.0136583	0.173658	46	0	46	46	
5	6	2	35	10	4	100	4600	198	9108	0.0328816	0.0250169	0.0199018	0.119902	46	0	46	46	
5	6	2	36	11	4	100	4600	198	9108	0.0152102	0.00374041	0.012493	0.026493	46	0	46	46	
5	6	3	37	67	4	100	4600	64	2944	0.142838	0.037214	0.0202445	0.213245	46	0	46	46	
5	6	3	38	52	4	100	4600	194	8924	0.0439058	0.0387918	0.0119471	0.162947	46	0	46	46	
5	6	3	39	48	4	100	4600	60	2760	0.147622	0.0377857	0.0799891	0.215989	46	0	46	46	
5	6	2	40	8	4	100	4600	198	9108	0.0201191	0.0190407	0.0123414	0.112341	46	0	46	46	
5	6	6	41	3	4	100	4600	0	0	0	0	0	0	0	0	0	0	
5	6	7	42	3	4	100	4600	472	21712	3.0828	0.971236	0.0121054	4.34211	46	0	46	46	
5	6	8	43	1	4	100	4600	196	9016	0.0217817	0.00548378	0.0124959	0.0334959	46	0	46	46	
5	6	7	44	1	4	100	4600	182	8372	0.0252256	0.0063852	0.01283	0.03383	46	0	46	46	
5	6	10	45	3	4	100	4600	414	19044	0.465772	0.455045	0.0121441	1.37214	46	0	46	46	
5	6	11	46	2	4	100	4600	200	9200	0.0171842	0.00425537	0.0048642	0.0338642	46	0	46	46	
5	6	12	47	1	4	100	4600	0	0	0	0	0	0	0	0	0	0	
5	6	13	48	1	4	100	4600	0	0	0	0	0	0	0	0	0	0	
5	6	3	49	18	4	100	4600	158	7268	0.081192	0.0380942	0.0169894	0.171989	46	0	46	46	
5	6	6	50	6	4	100	4600	16	736	0.0231048	0.0061101	0.0191048	0.0331048	46	0	46	46	
5	6	5	51	5	4	100	4600	198	9108	0.0162578	0.00387745	0.0122881	0.0292881	46	0	46	46	
5	6	3	52	32	4	100	4600	142	6532	0.15009	0.0347602	0.0622032	0.212203	46	0	46	46	
5	6	13	53	7	4	100	4600	202	9292	0.387255	0.246126	0.0194922	0.819492	46	0	46	46	
5	6	3	54	7	4	100	4600	90	4140	0.0134642	0.00237591	0.0102642	0.0222642	46	0	46	46	
5	6	3	55	62	4	100	4600	184	8464	0.0479651	0.0311931	0.0127368	0.133737	46	0	46	46	
5	6	11	56	5	4	100	4600	236	10856	0.118386	0.151735	0.0124712	0.495471	46	0	46	46	
5	6	2	57	9	4	100	4600	200	9200	0.0122038	0	0.0122038	0.0122038	46	0	46	46	
5	6	4	58	8	4	100	4600	132	6072	0.0178592	0.0148365	0.0058895	0.0858895	46	0	46	46	
5	6	5	59	7	4	100	4600	202	9292	0.0167156	0.0118094	0.0127552	0.0827552	46	0	46	46	
5	6	6	60	7	4	100	4600	140	6440	0.0738329	0.052433	0.0122471	0.189247	46	0	46	46	
6	7	1	1	5	4	100	4600	200	9200	0.013154	0.00221679	0.012674	0.026674	46	0	46	46	
6	7	3	2	68	4	100	4600	88	4048	0.173609	0.0295914	0.118154	0.218154	46	0	46	46	
6	7	1	3	13	4	100	4600	70	3220	0.134894	0.0667902	0.0122657	0.222266	46	0	46	46	
6	7	3	4	43	4	100	4600	46	2116	0.160547	0.0258327	0.126243	0.206243	46	0	46	46	
6	7	3	5	49	4	100	4600	96	4416	0.164072	0.0332771	0.079072	0.219072	46	0	46	46	
6	7	3	6	65	4	100	4600	86	3956	0.161768	0.0378809	0.0733955	0.233395	46	0	46	46	
6	7	3	7	3	4	100	4600	608	27968	1.77293	1.36488	0.00730105	3.6143	46	0	46	46	
6	7	3	8	29	4	100	4600	66	3036	0.147828	0.0458335	0.0627977	0.212798	46	0	46	46	
6	7	7	9	5	4	100	4600	88	4048	0.151428	0.0520609	0.0121096	0.21311	46	0	46	46	
6	7	7	10	4	4	100	4600	142	6532	0.0162728	0.00606675	0.0125686	0.0335686	46	0	46	46	
6	7	5	11	3	4	100	4600	200	9200	0.0172605	0.00306217	0.0119605	0.0219605	46	0	46	46	
6	7	5	12	4	4	100	4600	200	9200	0.012491	0.00140766	0.012271	0.022271	46	0	46	46	
6	7	3	13	31	4	100	4600	118	5428	0.154276	0.0398508	0.0641405	0.224141	46	0	46	46	
6	7	3	14	34	4	100	4600	98	4508	0.137452	0.048952	0.0227586	0.222759	46	0	46	46	
6	7	3	15	59	4	100	4600	96	4416	0.149163	0.0376683	0.0639544	0.213954	46	0	46	46	
6	7	3	16	44	4	100	4600	92	4232	0.165307	0.0311378	0.109437	0.219437	46	0	46	46	
6	7	9	17	3	4	100	4600	200	9200	0.0130087	0.000997484	0.0129087	0.0229087	46	0	46	46	
6	7	5	18	9	4	100	4600	44	2024	0.120381	0.0761771	0.0119723	0.215972	46	0	46	46	
6	7	5	19	10	4	100	4600	84	3864	0.110648	0.0574465	0.0122199	0.21622	46	0	46	46	
6	7	3	20	58	4	100	4600	74	3404	0.143342	0.0405095	0.0530715	0.213071	46	0	46	46	
6	7	4	21	1	4	100	4600	176	8096	0.0270743	0.0197324	0.0192334	0.119233	46	0	46	46	
6	7	4	22	11	4	100	4600	72	3312	0.132921	0.0677108	0.012671	0.219671	46	0	46	46	
6	7	3	23	46	4	100	4600	86	3956	0.163118	0.0276523	0.112885	0.222885	46	0	46	46	
6	7	3	24	45	4	100	4600	80	3680	0.158396	0.0390909	0.0643955	0.224396	46	0	46	46	
6	7	3	25	37	4	100	4600	102	4692	0.158355	0.0276737	0.103453	0.213453	46	0	46	46	
6	7	3	26	66	4	100	4600	56	2576	0.166425	0.03376	0.0949967	0.224997	46	0	46	46	
6	7	4	27	10	4	100	4600	152	6992	0.0254222	0.0287305	0.00586957	0.15287	46	0	46	46	
6	7	4	28	6	4	100	4600	188	8648	0.0440119	0.062625	0.00815023	0.24715	46	0	46	46	
6	7	3	29	40	4	100	4600	88	4048	0.176936	0.0317152	0.113754	0.233754	46	0	46	46	
6	7	4	30	7	4	100	4600	194	8924	0.0354977	0.0339899	0.0129101	0.13991	46	0	46	46	
6	7	2	31	17	4	100	4600	78	3588	0.148643	0.0645996	0.0119758	0.233976	46	0	46	46	
6	7	2	32	16	4	100	4600	146	6716	0.0381306	0.0293925	0.0121032	0.133103	46	0	46	46	
6	7	2	33	12	4	100	4600	192	8832	0.0302844	0.0275756	0.00472187	0.121722	46	0	46	46	
6	7	2	34	14	4	100	4600	152	6992	0.0643425	0.0716706	0.0146583	0.233658	46	0	46	46	
6	7	2	35	10	4	100	4600	190	8740	0.0527018	0.0381025	0.0129018	0.139902	46	0	46	46	
6	7	2	36	11	4	100	4600	190	8740	0.0421667	0.0460665	0.012493	0.189493	46	0	46	46	
6	7	3	37	67	4	100	4600	72	3312	0.172272	0.028749	0.118245	0.218245	46	0	46	46	
6	7	2	38	18	4	100	4600	74	3404	0.134407	0.0693712	0.0119471	0.228947	46	0	46	46	
6	7	1	39	12	4	100	4600	138	6348	0.0317717	0.0407409	0.0119891	0.209989	46	0	46	46	
6	7	2	40	8	4	100	4600	182	8372	0.0233194	0.0158033	0.0123414	0.0933414	46	0	46	46	
6	7	6	41	3	4	100	4600	0	0	0	0	0	0	0	0	0	0	
6	7	7	42	3	4	100	4600	198	9108	0.0123478	0.000781654	0.0121054	0.0191054	46	0	46	46	
6	7	8	43	1	4	100	4600	200	9200	0.0320459	0.0178426	0.0194959	0.119496	46	0	46	46	
6	7	7	44	1	4	100	4600	218	10028	0.0369676	0.0448301	0.01283	0.20383	46	0	46	46	
6	7	10	45	3	4	100	4600	200	9200	0.0148541	0.00426814	0.0121441	0.0261441	46	0	46	46	
6	7	11	46	2	4	100	4600	132	6072	0.0655915	0.063847	0.0198642	0.219864	46	0	46	46	
6	7	12	47	1	4	100	4600	492	22632	4.73843	1.66249	0.00619019	6.32319	46	0	46	46	
6	7	13	48	1	4	100	4600	0	0	0	0	0	0	0	0	0	0	
6	7	3	49	18	4	100	4600	70	3220	0.164961	0.0286806	0.111989	0.213989	46	0	46	46	
6	7	6	50	6	4	100	4600	0	0	0	0	0	0	0	0	0	0	
6	7	5	51	5	4	100	4600	200	9200	0.0171181	0.00423922	0.0122881	0.0292881	46	0	46	46	
6	7	9	52	4	4	100	4600	58	2668	0.149858	0.0495929	0.0122032	0.222203	46	0	46	46	
6	7	3	53	70	4	100	4600	108	4968	0.0655107	0.0506882	0.0124922	0.199492	46	0	46	46	
6	7	13	54	8	4	100	4600	14	644	0.0148356	0.00504921	0.0122642	0.0262642	46	0	46	46	
6	7	2	55	15	4	100	4600	156	7176	0.0735701	0.084588	0.0127368	0.233737	46	0	46	46	
6	7	2	56	13	4	100	4600	132	6072	0.0782439	0.0558498	0.0124712	0.189471	46	0	46	46	
6	7	2	57	9	4	100	4600	200	9200	0.0122438	0.000280703	0.0122038	0.0142038	46	0	46	46	
6	7	4	58	8	4	100	4600	200	9200	0.0138095	0.00403173	0.0128895	0.0428895	46	0	46	46	
6	7	5	59	7	4	100	4600	200	9200	0.0137952	0.00412108	0.0127552	0.0427552	46	0	46	46	
6	7	3	60	69	4	100	4600	32	1472	0.176247	0.0313153	0.131247	0.221247	46	0	46	46	
7	8	3	1	82	4	100	4600	196	9016	0.0132148	0.00195943	0.012674	0.022674	46	0	46	46	
7	8	3	2	68	4	100	4600	24	1104	0.167654	0.0352494	0.126154	0.226154	46	0	46	46	
7	8	1	3	13	4	100	4600	198	9108	0.0161546	0.00348715	0.0122657	0.0192657	46	0	46	46	
7	8	3	4	43	4	100	4600	42	1932	0.15991	0.0337398	0.113243	0.233243	46	0	46	46	
7	8	3	5	49	4	100	4600	38	1748	0.169335	0.0289208	0.129072	0.219072	46	0	46	46	
7	8	3	6	65	4	100	4600	22	1012	0.170486	0.0395702	0.112395	0.223395	46	0	46	46	
7	8	3	7	3	4	100	4600	118	5428	0.0305722	0.0515751	0.00730105	0.289301	46	0	46	46	
7	8	3	8	29	4	100	4600	4	184	0.138798	0.0057735	0.133798	0.143798	46	0	46	46	
7	8	3	9	77	4	100	4600	30	1380	0.0821762	0.0641716	0.0191096	0.18611	46	0	46	46	
7	8	3	10	78	4	100	4600	124	5704	0.034617	0.0548166	0.0125686	0.213569	46	0	46	46	
7	8	5	11	3	4	100	4600	48	2208	0.0971271	0.0670793	0.0129605	0.21196	46	0	46	46	
7	8	5	12	4	4	100	4600	200	9200	0.012561	0.00156144	0.012271	0.022271	46	0	46	46	
7	8	3	13	31	4	100	4600	38	1748	0.158877	0.0421026	0.0921405	0.232141	46	0	46	46	
7	8	3	14	34	4	100	4600	10	460	0.196759	0.0107497	0.182759	0.212759	46	0	46	46	
7	8	3	15	59	4	100	4600	30	1380	0.133754	0.0299936	0.101954	0.193954	46	0	46	46	
7	8	3	16	44	4	100	4600	32	1472	0.164624	0.0354969	0.106437	0.226437	46	0	46	46	
7	8	3	17	75	4	100	4600	70	3220	0.068623	0.0503602	0.0129087	0.192909	46	0	46	46	
7	8	5	18	9	4	100	4600	198	9108	0.0139925	0.0040654	0.0119723	0.0259723	46	0	46	46	
7	8	5	19	10	4	100	4600	192	8832	0.046199	0.0482385	0.0192199	0.18922	46	0	46	46	
7	8	9	20	5	4	100	4600	14	644	0.0120715	0	0.0120715	0.0120715	46	0	46	46	
7	8	4	21	1	4	100	4600	204	9384	0.071204	0.0714801	0.0122334	0.272233	46	0	46	46	
7	8	4	22	11	4	100	4600	204	9384	0.0199062	0.0110602	0.012671	0.062671	46	0	46	46	
7	8	3	23	46	4	100	4600	14	644	0.147171	0.0287467	0.118885	0.192885	46	0	46	46	
7	8	3	24	45	4	100	4600	34	1564	0.140278	0.0215965	0.112396	0.183396	46	0	46	46	
7	8	3	25	37	4	100	4600	34	1564	0.15363	0.0345293	0.103453	0.199453	46	0	46	46	
7	8	3	26	66	4	100	4600	32	1472	0.179622	0.0320783	0.132997	0.232997	46	0	46	46	
7	8	4	27	10	4	100	4600	186	8556	0.034762	0.0374147	0.0128696	0.18987	46	0	46	46	
7	8	4	28	6	4	100	4600	210	9660	0.0213883	0.0216446	0.0121502	0.12615	46	0	46	46	
7	8	3	29	40	4	100	4600	30	1380	0.169087	0.0270036	0.123754	0.213754	46	0	46	46	
7	8	3	30	80	4	100	4600	160	7360	0.0288851	0.0281782	0.0129101	0.13391	46	0	46	46	
7	8	2	31	17	4	100	4600	198	9108	0.021592	0.00481054	0.0119758	0.0359758	46	0	46	46	
7	8	3	32	76	4	100	4600	110	5060	0.107649	0.0823875	0.00810324	0.284103	46	0	46	46	
7	8	2	33	12	4	100	4600	200	9200	0.0141919	0.00317482	0.00472187	0.0197219	46	0	46	46	
7	8	2	34	14	4	100	4600	214	9844	0.0262471	0.0186739	0.0126583	0.121658	46	0	46	46	
7	8	3	35	73	4	100	4600	34	1564	0.092843	0.0687036	0.0199018	0.193902	46	0	46	46	
7	8	3	36	74	4	100	4600	28	1288	0.0847073	0.084375	0.010493	0.206493	46	0	46	46	
7	8	3	37	67	4	100	4600	46	2116	0.165766	0.0353395	0.118245	0.228245	46	0	46	46	
7	8	2	38	18	4	100	4600	200	9200	0.0241371	0.00301319	0.0159471	0.0259471	46	0	46	46	
7	8	3	39	72	4	100	4600	102	4692	0.0568715	0.0621291	0.0119891	0.225989	46	0	46	46	
7	8	2	40	8	4	100	4600	196	9016	0.0821883	0.0530173	0.0133414	0.213341	46	0	46	46	
7	8	6	41	3	4	100	4600	0	0	0	0	0	0	0	0	0	0	
7	8	7	42	3	4	100	4600	108	4968	0.012698	0.0021049	0.0121054	0.0201054	46	0	46	46	
7	8	8	43	1	4	100	4600	200	9200	0.0194959	0.00198487	0.0124959	0.0264959	46	0	46	46	
7	8	7	44	1	4	100	4600	200	9200	0.01402	0.00263603	0.01283	0.01983	46	0	46	46	
7	8	10	45	3	4	100	4600	200	9200	0.0147141	0.0041219	0.0121441	0.0261441	46	0	46	46	
7	8	11	46	2	4	100	4600	230	10580	0.033612	0.0406074	0.0128642	0.209864	46	0	46	46	
7	8	12	47	1	4	100	4600	222	10212	0.0841632	0.117944	0.00519019	0.40319	46	0	46	46	
7	8	13	48	1	4	100	4600	0	0	0	0	0	0	0	0	0	0	
7	8	3	49	18	4	100	4600	22	1012	0.174717	0.0311955	0.121989	0.221989	46	0	46	46	
7	8	6	50	6	4	100	4600	0	0	0	0	0	0	0	0	0	0	
7	8	5	51	5	4	100	4600	200	9200	0.0229481	0.00363462	0.0132881	0.0272881	46	0	46	46	
7	8	3	52	71	4	100	4600	40	1840	0.122103	0.0271707	0.0692032	0.177203	46	0	46	46	
7	8	3	53	70	4	100	4600	38	1748	0.118861	0.0592432	0.0124922	0.199492	46	0	46	46	
7	8	3	54	79	4	100	4600	20	920	0.0650642	0.0626432	0.0192642	0.203264	46	0	46	46	
7	8	2	55	15	4	100	4600	198	9108	0.0186661	0.00430382	0.0127368	0.0277368	46	0	46	46	
7	8	2	56	13	4	100	4600	180	8280	0.0701267	0.0584565	0.0124712	0.209471	46	0	46	46	
7	8	2	57	9	4	100	4600	180	8280	0.0226149	0.0255185	0.0122038	0.112204	46	0	46	46	
7	8	3	58	81	4	100	4600	196	9016	0.0143589	0.00313526	0.0058895	0.0268895	46	0	46	46	
7	8	3	59	83	4	100	4600	198	9108	0.0131592	0.00197404	0.0127552	0.0227552	46	0	46	46	
7	8	3	60	69	4	100	4600	20	920	0.160647	0.0298494	0.121247	0.201247	46	0	46	46	
8	9	3	1	82	4	100	4600	190	8740	0.0520846	0.0444852	0.012674	0.170674	46	0	46	46	
8	9	3	2	68	4	100	4600	158	7268	0.107141	0.0575525	0.0121541	0.206154	46	0	46	46	
8	9	3	3	85	4	100	4600	190	8740	0.0460867	0.0450418	0.00926569	0.192266	46	0	46	46	
8	9	3	4	43	4	100	4600	106	4876	0.159092	0.0358002	0.073243	0.223243	46	0	46	46	
8	9	3	5	49	4	100	4600	100	4600	0.089132	0.0676137	0.012072	0.214072	46	0	46	46	
8	9	3	6	65	4	100	4600	58	2668	0.133258	0.0396862	0.0493955	0.199395	46	0	46	46	
8	9	6	7	8	4	100	4600	66	3036	0.682756	0.359544	0.0123011	1.0353	46	0	46	46	
8	9	3	8	29	4	100	4600	58	2668	0.179556	0.0288853	0.126798	0.236798	46	0	46	46	
8	9	3	9	77	4	100	4600	78	3588	0.145648	0.0281202	0.0961096	0.21611	46	0	46	46	
8	9	3	10	78	4	100	4600	90	4140	0.147346	0.0375837	0.0635686	0.213569	46	0	46	46	
8	9	5	11	3	4	100	4600	200	9200	0.0338005	0.0313459	0.0119605	0.14296	46	0	46	46	
8	9	3	12	86	4	100	4600	98	4508	0.0754343	0.0579418	0.012271	0.199271	46	0	46	46	
8	9	3	13	31	4	100	4600	60	2760	0.179141	0.0306705	0.124141	0.224141	46	0	46	46	
8	9	3	14	34	4	100	4600	124	5704	0.0903715	0.0580365	0.0137586	0.221759	46	0	46	46	
8	9	3	15	59	4	100	4600	50	2300	0.165874	0.0291959	0.117954	0.217954	46	0	46	46	
8	9	3	16	44	4	100	4600	86	3956	0.0849486	0.0528796	0.012437	0.206437	46	0	46	46	
8	9	3	17	75	4	100	4600	74	3404	0.150476	0.032972	0.0929087	0.222909	46	0	46	46	
8	9	5	18	9	4	100	4600	202	9292	0.0191208	0.0014413	0.0119723	0.0259723	46	0	46	46	
8	9	5	19	10	4	100	4600	192	8832	0.046022	0.0463821	0.0192199	0.20622	46	0	46	46	
8	9	9	20	5	4	100	4600	0	0	0	0	0	0	0	0	0	0	
8	9	4	21	1	4	100	4600	200	9200	0.0122334	0	0.0122334	0.0122334	46	0	46	46	
8	9	13	22	10	4	100	4600	186	8556	0.0352946	0.0435403	0.012671	0.192671	46	0	46	46	
8	9	3	23	46	4	100	4600	88	4048	0.0883623	0.04718	0.018885	0.184885	46	0	46	46	
8	9	3	24	45	4	100	4600	72	3312	0.174451	0.0267297	0.126396	0.236396	46	0	46	46	
8	9	13	25	11	4	100	4600	52	2392	0.153376	0.07758	0.0124531	0.254453	46	0	46	46	
8	9	3	26	66	4	100	4600	112	5152	0.155497	0.0383088	0.0829967	0.232997	46	0	46	46	
8	9	13	27	9	4	100	4600	80	3680	0.0190946	0.00234372	0.0128696	0.0228696	46	0	46	46	
8	9	4	28	6	4	100	4600	200	9200	0.0124502	0.00171015	0.0121502	0.0221502	46	0	46	46	
8	9	5	29	11	4	100	4600	64	2944	0.119504	0.0568479	0.0137537	0.207754	46	0	46	46	
8	9	3	30	80	4	100	4600	128	5888	0.103738	0.0733237	0.0129101	0.23391	46	0	46	46	
8	9	2	31	17	4	100	4600	202	9292	0.0208273	0.020346	0.0119758	0.118976	46	0	46	46	
8	9	3	32	76	4	100	4600	130	5980	0.163719	0.0351686	0.0731032	0.223103	46	0	46	46	
8	9	2	33	12	4	100	4600	200	9200	0.0131319	0.00182167	0.0127219	0.0227219	46	0	46	46	
8	9	10	34	6	4	100	4600	156	7176	0.0743121	0.0860808	0.0126583	0.299658	46	0	46	46	
8	9	11	35	7	4	100	4600	80	3680	0.0759018	0.0489433	0.0129018	0.174902	46	0	46	46	
8	9	3	36	74	4	100	4600	132	6072	0.122796	0.0556041	0.012493	0.216493	46	0	46	46	
8	9	3	37	67	4	100	4600	148	6808	0.124339	0.0543829	0.0122445	0.226245	46	0	46	46	
8	9	2	38	18	4	100	4600	200	9200	0.0196771	0.002329	0.0119471	0.0259471	46	0	46	46	
8	9	3	39	72	4	100	4600	126	5796	0.144402	0.0369738	0.0559891	0.215989	46	0	46	46	
8	9	1	40	14	4	100	4600	218	10028	0.0298551	0.0338565	0.0123414	0.144341	46	0	46	46	
8	9	6	41	3	4	100	4600	448	20608	7.48762	0.954412	0.0119018	8.6589	46	0	46	46	
8	9	7	42	3	4	100	4600	292	13432	0.455783	0.367483	0.00510539	1.12811	46	0	46	46	
8	9	8	43	1	4	100	4600	200	9200	0.0204859	0.00275095	0.0124959	0.0264959	46	0	46	46	
8	9	7	44	1	4	100	4600	198	9108	0.013234	0.0024595	0.01283	0.03383	46	0	46	46	
8	9	10	45	3	4	100	4600	200	9200	0.0171541	0.0122868	0.00714406	0.0851441	46	0	46	46	
8	9	11	46	2	4	100	4600	200	9200	0.0133542	0.00179051	0.0128642	0.0198642	46	0	46	46	
8	9	12	47	1	4	100	4600	200	9200	0.0121902	0	0.0121902	0.0121902	46	0	46	46	
8	9	13	48	1	4	100	4600	0	0	0	0	0	0	0	0	0	0	
8	9	3	49	18	4	100	4600	48	2208	0.144239	0.0290594	0.0959894	0.205989	46	0	46	46	
8	9	6	50	6	4	100	4600	574	26404	1.33383	0.904852	0.0121048	2.8091	46	0	46	46	
8	9	5	51	5	4	100	4600	196	9016	0.0253289	0.0196899	0.0122881	0.120288	46	0	46	46	
8	9	3	52	71	4	100	4600	104	4784	0.0705493	0.0512071	0.0122032	0.193203	46	0	46	46	
8	9	3	53	70	4	100	4600	158	7268	0.0908846	0.0694435	0.0124922	0.218492	46	0	46	46	
8	9	3	54	79	4	100	4600	120	5520	0.159264	0.0334664	0.0832642	0.233264	46	0	46	46	
8	9	2	55	15	4	100	4600	132	6072	0.0702519	0.0469042	0.0197368	0.206737	46	0	46	46	
8	9	3	56	84	4	100	4600	62	2852	0.0134712	0.00314669	0.0124712	0.0264712	46	0	46	46	
8	9	2	57	9	4	100	4600	148	6808	0.157434	0.104873	0.0122038	0.362204	46	0	46	46	
8	9	3	58	81	4	100	4600	200	9200	0.0154495	0.0029032	0.0058895	0.0228895	46	0	46	46	
8	9	9	59	6	4	100	4600	162	7452	0.153928	0.127795	0.0127552	0.444755	46	0	46	46	
8	9	3	60	69	4	100	4600	74	3404	0.146842	0.029785	0.0882471	0.208247	46	0	46	46	
9	10	3	1	82	4	100	4600	188	8648	0.0530251	0.0462201	0.00567403	0.174674	46	0	46	46	
9	10	3	2	68	4	100	4600	192	8832	0.0318207	0.0292137	0.0121541	0.112154	46	0	46	46	
9	10	3	3	85	4	100	4600	196	9016	0.0367045	0.0479288	0.0122657	0.207266	46	0	46	46	
9	10	3	4	43	4	100	4600	146	6716	0.147764	0.0479954	0.023243	0.223243	46	0	46	46	
9	10	3	5	49	4	100	4600	182	8372	0.0707862	0.0376953	0.012072	0.152072	46	0	46	46	
9	10	3	6	65	4	100	4600	178	8188	0.0433618	0.0427423	0.0123955	0.187395	46	0	46	46	
9	10	6	7	8	4	100	4600	12	552	0.0169677	0.00344656	0.0123011	0.0193011	46	0	46	46	
9	10	3	8	29	4	100	4600	130	5980	0.128798	0.0433554	0.0267977	0.216798	46	0	46	46	
9	10	3	9	77	4	100	4600	214	9844	0.0500535	0.0503866	0.0121096	0.20211	46	0	46	46	
9	10	3	10	78	4	100	4600	182	8372	0.0899532	0.0601188	0.0125686	0.213569	46	0	46	46	
9	10	5	11	3	4	100	4600	124	5704	0.0185895	0.00425311	0.0129605	0.0299605	46	0	46	46	
9	10	3	12	86	4	100	4600	182	8372	0.0796666	0.0549658	0.012271	0.194271	46	0	46	46	
9	10	3	13	31	4	100	4600	88	4048	0.180731	0.0306964	0.124141	0.224141	46	0	46	46	
9	10	3	14	34	4	100	4600	198	9108	0.0236474	0.00640572	0.00675855	0.0347586	46	0	46	46	
9	10	3	15	59	4	100	4600	102	4692	0.164229	0.0298485	0.0979544	0.217954	46	0	46	46	
9	10	3	16	44	4	100	4600	204	9384	0.0686036	0.0487659	0.012437	0.192437	46	0	46	46	
9	10	3	17	75	4	100	4600	106	4876	0.144286	0.0536671	0.0269087	0.236909	46	0	46	46	
9	10	5	18	9	4	100	4600	200	9200	0.0144623	0.00319389	0.0119723	0.0199723	46	0	46	46	
9	10	5	19	10	4	100	4600	200	9200	0.0193599	0.00139648	0.0122199	0.0262199	46	0	46	46	
9	10	3	20	87	4	100	4600	74	3404	0.0530174	0.0401087	0.00707145	0.164071	46	0	46	46	
9	10	4	21	1	4	100	4600	200	9200	0.0122334	0	0.0122334	0.0122334	46	0	46	46	
9	10	13	22	10	4	100	4600	200	9200	0.016731	0.0146345	0.00567095	0.091671	46	0	46	46	
9	10	3	23	46	4	100	4600	226	10396	0.0507523	0.0493509	0.00488504	0.194885	46	0	46	46	
9	10	3	24	45	4	100	4600	148	6808	0.122031	0.0626815	0.0123955	0.226396	46	0	46	46	
9	10	13	25	11	4	100	4600	174	8004	0.0816485	0.067941	0.0124531	0.219453	46	0	46	46	
9	10	3	26	66	4	100	4600	0	0	0	0	0	0	0	0	0	0	
9	10	13	27	9	4	100	4600	0	0	0	0	0	0	0	0	0	0	
9	10	4	28	6	4	100	4600	200	9200	0.0124502	0.00171015	0.0121502	0.0221502	46	0	46	46	
9	10	5	29	11	4	100	4600	198	9108	0.0252184	0.0194197	0.0127537	0.119754	46	0	46	46	
9	10	3	30	80	4	100	4600	140	6440	0.117196	0.0669709	0.0129101	0.26291	46	0	46	46	
9	10	2	31	17	4	100	4600	192	8832	0.0121946	0.00122113	0.0119758	0.0189758	46	0	46	46	
9	10	3	32	76	4	100	4600	6	276	0.16977	0.0338625	0.143103	0.213103	46	0	46	46	
9	10	2	33	12	4	100	4600	200	9200	0.0127219	0	0.0127219	0.0127219	46	0	46	46	
9	10	10	34	6	4	100	4600	200	9200	0.0174183	0.00327353	0.0126583	0.0196583	46	0	46	46	
9	10	3	35	88	4	100	4600	100	4600	0.0299218	0.0203658	0.0129018	0.104902	46	0	46	46	
9	10	3	36	74	4	100	4600	202	9292	0.0821267	0.0539505	0.012493	0.212493	46	0	46	46	
9	10	3	37	67	4	100	4600	108	4968	0.0699668	0.0623794	0.0122445	0.192245	46	0	46	46	
9	10	2	38	18	4	100	4600	88	4048	0.0197425	0.00269166	0.0119471	0.0259471	46	0	46	46	
9	10	3	39	72	4	100	4600	156	7176	0.100374	0.0574639	0.0119891	0.211989	46	0	46	46	
9	10	1	40	14	4	100	4600	200	9200	0.0134614	0.00257268	0.0123414	0.0193414	46	0	46	46	
9	10	6	41	3	4	100	4600	200	9200	0.0133218	0.00153472	0.0129018	0.0199018	46	0	46	46	
9	10	7	42	3	4	100	4600	202	9292	0.0153628	0.00350026	0.0121054	0.0191054	46	0	46	46	
9	10	8	43	1	4	100	4600	200	9200	0.0183759	0.00257268	0.0124959	0.0194959	46	0	46	46	
9	10	7	44	1	4	100	4600	202	9292	0.0142854	0.0028478	0.01283	0.01983	46	0	46	46	
9	10	10	45	3	4	100	4600	200	9200	0.0145041	0.00314002	0.0121441	0.0201441	46	0	46	46	
9	10	11	46	2	4	100	4600	200	9200	0.0128642	0	0.0128642	0.0128642	46	0	46	46	
9	10	12	47	1	4	100	4600	122	5612	0.0121902	0	0.0121902	0.0121902	46	0	46	46	
9	10	13	48	1	4	100	4600	0	0	0	0	0	0	0	0	0	0	
9	10	3	49	18	4	100	4600	98	4508	0.143357	0.0642558	0.0129894	0.245989	46	0	46	46	
9	10	6	50	6	4	100	4600	194	8924	0.0201563	0.00679129	0.0121048	0.0421048	46	0	46	46	
9	10	5	51	5	4	100	4600	196	9016	0.0429412	0.0329566	0.0122881	0.127288	46	0	46	46	
9	10	3	52	71	4	100	4600	206	9476	0.0355721	0.0467711	0.0122032	0.206203	46	0	46	46	
9	10	3	53	70	4	100	4600	196	9016	0.015982	0.00726388	0.0124922	0.0334922	46	0	46	46	
9	10	3	54	79	4	100	4600	158	7268	0.139796	0.0436208	0.0332642	0.213264	46	0	46	46	
9	10	3	55	89	4	100	4600	128	5888	0.0801743	0.0686041	0.0127368	0.209737	46	0	46	46	
9	10	3	56	84	4	100	4600	0	0	0	0	0	0	0	0	0	0	
9	10	10	57	7	4	100	4600	14	644	0.0122038	0	0.0122038	0.0122038	46	0	46	46	
9	10	3	58	81	4	100	4600	200	9200	0.0145095	0.00336634	0.0048895	0.0238895	46	0	46	46	
9	10	5	59	12	4	100	4600	198	9108	0.0139572	0.00264663	0.0127552	0.0197552	46	0	46	46	
9	10	3	60	69	4	100	4600	186	8556	0.041731	0.0415769	0.0122471	0.188247	46	0	46	46	
10	11	3	1	82	4	100	4600	96	4416	0.0179032	0.00629198	0.00667403	0.034674	46	0	46	46	
10	11	3	2	68	4	100	4600	192	8832	0.0125916	0.00244227	0.0121541	0.0261541	46	0	46	46	
10	11	3	3	85	4	100	4600	190	8740	0.027771	0.0250949	0.0122657	0.112266	46	0	46	46	
10	11	3	4	43	4	100	4600	186	8556	0.0165656	0.00403005	0.012243	0.027243	46	0	46	46	
10	11	3	5	49	4	100	4600	188	8648	0.0271677	0.0254403	0.012072	0.112072	46	0	46	46	
10	11	3	6	65	4	100	4600	170	7820	0.0700779	0.0560146	0.0123955	0.192395	46	0	46	46	
10	11	3	7	92	4	100	4600	106	4876	0.0227916	0.0211188	0.0103011	0.100301	46	0	46	46	
10	11	3	8	29	4	100	4600	124	5704	0.135717	0.0535073	0.0127977	0.226798	46	0	46	46	
10	11	7	9	7	4	100	4600	194	8924	0.0575529	0.0709727	0.0121096	0.27211	46	0	46	46	
10	11	7	10	6	4	100	4600	156	7176	0.0244661	0.0381023	0.0125686	0.183569	46	0	46	46	
10	11	5	11	3	4	100	4600	278	12788	0.683428	0.396174	0.00496048	1.36396	46	0	46	46	
10	11	3	12	86	4	100	4600	172	7912	0.0504803	0.0387042	0.012271	0.132271	46	0	46	46	
10	11	3	13	31	4	100	4600	146	6716	0.14436	0.0537874	0.0261405	0.226141	46	0	46	46	
10	11	3	14	34	4	100	4600	152	6992	0.0711796	0.0629136	0.0127586	0.222759	46	0	46	46	
10	11	3	15	59	4	100	4600	146	6716	0.110749	0.0633177	0.0259544	0.215954	46	0	46	46	
10	11	3	16	44	4	100	4600	192	8832	0.0306557	0.0309718	0.012437	0.142437	46	0	46	46	
10	11	3	17	75	4	100	4600	122	5612	0.165269	0.0325846	0.0969087	0.226909	46	0	46	46	
10	11	5	18	9	4	100	4600	200	9200	0.0120723	0.000300753	0.0119723	0.0129723	46	0	46	46	
10	11	5	19	10	4	100	4600	200	9200	0.0158199	0.00368618	0.0122199	0.0262199	46	0	46	46	
10	11	9	20	7	4	100	4600	90	4140	0.481538	0.240919	0.0120715	0.725071	46	0	46	46	
10	11	3	21	93	4	100	4600	10	460	0.0140334	0.00407704	0.00723341	0.0182334	46	0	46	46	
10	11	4	22	12	4	100	4600	186	8556	0.0621871	0.0404535	0.00767095	0.170671	46	0	46	46	
10	11	3	23	46	4	100	4600	148	6808	0.0700337	0.0520799	0.012885	0.197885	46	0	46	46	
10	11	3	24	45	4	100	4600	144	6624	0.0577149	0.0547257	0.0123955	0.206396	46	0	46	46	
10	11	13	25	11	4	100	4600	192	8832	0.0127448	0.00140244	0.0124531	0.0194531	46	0	46	46	
10	11	3	26	66	4	100	4600	144	6624	0.0974133	0.0692868	0.0119967	0.218997	46	0	46	46	
10	11	13	27	9	4	100	4600	0	0	0	0	0	0	0	0	0	0	
10	11	4	28	6	4	100	4600	200	9200	0.0568802	0.0653161	0.0121502	0.25515	46	0	46	46	
10	11	5	29	11	4	100	4600	156	7176	0.0707024	0.0459916	0.0127537	0.169754	46	0	46	46	
10	11	1	30	15	4	100	4600	184	8464	0.0560079	0.0794195	0.0129101	0.25391	46	0	46	46	
10	11	2	31	17	4	100	4600	196	9016	0.0603432	0.0662947	0.0119758	0.231976	46	0	46	46	
10	11	3	32	76	4	100	4600	158	7268	0.0693311	0.0742938	0.0121032	0.257103	46	0	46	46	
10	11	2	33	12	4	100	4600	200	9200	0.477202	0.285978	0.00572187	0.967722	46	0	46	46	
10	11	10	34	6	4	100	4600	20	920	0.0140583	0.00287274	0.0126583	0.0196583	46	0	46	46	
10	11	3	35	88	4	100	4600	156	7176	0.0721326	0.0625843	0.0129018	0.189902	46	0	46	46	
10	11	3	36	74	4	100	4600	184	8464	0.0332647	0.0446925	0.012493	0.192493	46	0	46	46	
10	11	11	37	8	4	100	4600	200	9200	0.0752445	0.0591717	0.00524454	0.222245	46	0	46	46	
10	11	2	38	18	4	100	4600	194	8924	0.0526687	0.058646	0.0119471	0.198947	46	0	46	46	
10	11	3	39	72	4	100	4600	204	9384	0.0264401	0.0357638	0.0119891	0.171989	46	0	46	46	
10	11	1	40	14	4	100	4600	198	9108	0.0126242	0.00138183	0.0123414	0.0193414	46	0	46	46	
10	11	6	41	3	4	100	4600	200	9200	0.0129018	0	0.0129018	0.0129018	46	0	46	46	
10	11	7	42	3	4	100	4600	200	9200	0.0121454	0.000196451	0.0121054	0.0131054	46	0	46	46	
10	11	8	43	1	4	100	4600	202	9292	0.0144365	0.00314119	0.0124959	0.0194959	46	0	46	46	
10	11	7	44	1	4	100	4600	200	9200	0.01297	0.000982459	0.01283	0.01983	46	0	46	46	
10	11	10	45	3	4	100	4600	200	9200	0.0121641	0.000140351	0.0121441	0.0131441	46	0	46	46	
10	11	11	46	2	4	100	4600	200	9200	0.0130442	0.00144848	0.0128642	0.0268642	46	0	46	46	
10	11	12	47	1	4	100	4600	276	12696	0.685009	0.395707	0.00519019	1.36319	46	0	46	46	
10	11	13	48	1	4	100	4600	224	10304	10.114	0.316874	9.56881	10.6548	46	0	46	46	
10	11	4	49	13	4	100	4600	146	6716	0.115099	0.0602678	0.0119894	0.211989	46	0	46	46	
10	11	3	50	90	4	100	4600	162	7452	0.0870307	0.0493601	0.0121048	0.192105	46	0	46	46	
10	11	3	51	91	4	100	4600	112	5152	0.0160559	0.00404475	0.0102881	0.0302881	46	0	46	46	
10	11	3	52	71	4	100	4600	190	8740	0.0237295	0.00475838	0.0122032	0.0332032	46	0	46	46	
10	11	3	53	70	4	100	4600	192	8832	0.025138	0.00480179	0.0164922	0.0334922	46	0	46	46	
10	11	3	54	79	4	100	4600	126	5796	0.0852483	0.0535706	0.0122642	0.202264	46	0	46	46	
10	11	2	55	19	4	100	4600	94	4324	0.0305879	0.042139	0.0127368	0.211737	46	0	46	46	
10	11	3	56	84	4	100	4600	428	19688	1.15983	0.657565	0.102471	2.22247	46	0	46	46	
10	11	10	57	7	4	100	4600	2	92	0.0122038	0	0.0122038	0.0122038	46	0	46	46	
10	11	13	58	12	4	100	4600	34	1564	0.400654	0.303551	0.0128895	0.78489	46	0	46	46	
10	11	5	59	12	4	100	4600	196	9016	0.0248266	0.0194057	0.0127552	0.119755	46	0	46	46	
10	11	3	60	69	4	100	4600	180	8280	0.0690249	0.0521568	0.0122471	0.172247	46	0	46	46	
11	12	1	1	16	4	100	4600	150	6900	0.500181	0.145296	0.012674	0.588674	46	0	46	46	
11	12	3	2	68	4	100	4600	178	8188	0.0396372	0.0364436	0.0121541	0.126154	46	0	46	46	
11	12	1	3	17	4	100	4600	68	3128	0.129825	0.0677675	0.0122657	0.222266	46	0	46	46	
11	12	3	4	43	4	100	4600	180	8280	0.0539764	0.0528518	0.012243	0.192243	46	0	46	46	
11	12	3	5	49	4	100	4600	48	2208	0.182905	0.0279691	0.127072	0.217072	46	0	46	46	
11	12	1	6	18	4	100	4600	72	3312	0.135895	0.0618788	0.0123955	0.222395	46	0	46	46	
11	12	3	7	92	4	100	4600	200	9200	0.0133611	0.00138781	0.0123011	0.0213011	46	0	46	46	
11	12	1	8	19	4	100	4600	62	2852	0.10054	0.0591469	0.0127977	0.194798	46	0	46	46	
11	12	7	9	7	4	100	4600	186	8556	0.0191956	0.00296887	0.0121096	0.0331096	46	0	46	46	
11	12	7	10	6	4	100	4600	200	9200	0.0129186	0.00152944	0.0125686	0.0195686	46	0	46	46	
11	12	5	11	3	4	100	4600	200	9200	0.0123005	0.00142638	0.0119605	0.0219605	46	0	46	46	
11	12	3	12	86	4	100	4600	170	7820	0.0548357	0.0496173	0.012271	0.197271	46	0	46	46	
11	12	3	13	31	4	100	4600	18	828	0.137696	0.0363095	0.0961405	0.216141	46	0	46	46	
11	12	3	14	34	4	100	4600	124	5704	0.148888	0.0341377	0.0827586	0.232759	46	0	46	46	
11	12	5	15	14	4	100	4600	36	1656	0.0952877	0.0720381	0.0119544	0.215954	46	0	46	46	
11	12	5	16	15	4	100	4600	38	1748	0.155595	0.0689734	0.012437	0.222437	46	0	46	46	
11	12	3	17	75	4	100	4600	32	1472	0.154159	0.0335059	0.111909	0.226909	46	0	46	46	
11	12	5	18	9	4	100	4600	200	9200	0.0130123	0.00298714	0.0119723	0.0229723	46	0	46	46	
11	12	5	19	10	4	100	4600	200	9200	0.0135999	0.0030001	0.0122199	0.0222199	46	0	46	46	
11	12	9	20	7	4	100	4600	202	9292	0.0146358	0.003381	0.0120715	0.0190715	46	0	46	46	
11	12	3	21	93	4	100	4600	0	0	0	0	0	0	0	0	0	0	
11	12	4	22	12	4	100	4600	188	8648	0.0388412	0.0431824	0.012671	0.189671	46	0	46	46	
11	12	12	23	3	4	100	4600	72	3312	0.145191	0.0611324	0.019885	0.207885	46	0	46	46	
11	12	13	24	14	4	100	4600	76	3496	0.0758692	0.0691	0.0123955	0.192396	46	0	46	46	
11	12	13	25	11	4	100	4600	196	9016	0.044545	0.0372911	0.0124531	0.162453	46	0	46	46	
11	12	13	26	13	4	100	4600	146	6716	0.0354898	0.0486845	0.0119967	0.168997	46	0	46	46	
11	12	3	27	96	4	100	4600	2	92	0.13487	0	0.13487	0.13487	46	0	46	46	
11	12	4	28	6	4	100	4600	200	9200	0.0127502	0.00277099	0.0121502	0.0321502	46	0	46	46	
11	12	5	29	11	4	100	4600	194	8924	0.0810321	0.0680064	0.0127537	0.219754	46	0	46	46	
11	12	1	30	15	4	100	4600	200	9200	0.0135401	0.0020083	0.0129101	0.0199101	46	0	46	46	
11	12	2	31	17	4	100	4600	200	9200	0.0124558	0.00193606	0.0119758	0.0219758	46	0	46	46	
11	12	3	32	76	4	100	4600	168	7728	0.0764961	0.0555331	0.0121032	0.192103	46	0	46	46	
11	12	2	33	12	4	100	4600	200	9200	0.0127219	0	0.0127219	0.0127219	46	0	46	46	
11	12	3	34	94	4	100	4600	20	920	0.0279583	0.0323046	0.0126583	0.119658	46	0	46	46	
11	12	2	35	20	4	100	4600	208	9568	0.062921	0.0633928	0.00490179	0.219902	46	0	46	46	
11	12	3	36	74	4	100	4600	168	7728	0.0628739	0.0516594	0.012493	0.186493	46	0	46	46	
11	12	3	37	95	4	100	4600	156	7176	0.0393727	0.0275523	0.00724454	0.112245	46	0	46	46	
11	12	2	38	18	4	100	4600	200	9200	0.0187471	0.00123598	0.0119471	0.0209471	46	0	46	46	
11	12	3	39	72	4	100	4600	176	8096	0.0456937	0.0573395	0.0119891	0.208989	46	0	46	46	
11	12	1	40	14	4	100	4600	202	9292	0.0137968	0.0028478	0.0123414	0.0193414	46	0	46	46	
11	12	6	41	3	4	100	4600	190	8740	0.0131229	0.00214885	0.0129018	0.0339018	46	0	46	46	
11	12	7	42	3	4	100	4600	198	9108	0.0128428	0.00284127	0.0121054	0.0271054	46	0	46	46	
11	12	8	43	1	4	100	4600	196	9016	0.0192102	0.00198456	0.0124959	0.0264959	46	0	46	46	
11	12	7	44	1	4	100	4600	196	9016	0.0268708	0.0209546	0.01283	0.12683	46	0	46	46	
11	12	10	45	3	4	100	4600	200	9200	0.0121441	0	0.0121441	0.0121441	46	0	46	46	
11	12	11	46	2	4	100	4600	200	9200	0.0133542	0.00179051	0.0128642	0.0198642	46	0	46	46	
11	12	12	47	1	4	100	4600	200	9200	0.0177802	0.00692979	0.0121902	0.0331902	46	0	46	46	
11	12	13	48	1	4	100	4600	422	19412	4.71741	4.51476	0.0128052	9.56081	46	0	46	46	
11	12	4	49	13	4	100	4600	200	9200	0.0140394	0.00256131	0.0119894	0.0199894	46	0	46	46	
11	12	3	50	90	4	100	4600	24	1104	0.146438	0.0279793	0.114105	0.213105	46	0	46	46	
11	12	5	51	13	4	100	4600	46	2116	0.483723	0.582614	0.0122881	1.21129	46	0	46	46	
11	12	3	52	71	4	100	4600	170	7820	0.0909443	0.0585779	0.0262032	0.206203	46	0	46	46	
11	12	4	53	14	4	100	4600	154	7084	0.123064	0.0514349	0.0124922	0.213492	46	0	46	46	
11	12	13	54	15	4	100	4600	56	2576	0.110728	0.0658817	0.0122642	0.199264	46	0	46	46	
11	12	2	55	19	4	100	4600	202	9292	0.0193209	0.00165879	0.0127368	0.0197368	46	0	46	46	
11	12	3	56	84	4	100	4600	64	2944	0.149784	0.0370263	0.0724712	0.211471	46	0	46	46	
11	12	10	57	7	4	100	4600	0	0	0	0	0	0	0	0	0	0	
11	12	13	58	12	4	100	4600	126	5796	0.0777149	0.0638515	0.0198895	0.20289	46	0	46	46	
11	12	5	59	12	4	100	4600	202	9292	0.0134483	0.00291075	0.0127552	0.0327552	46	0	46	46	
11	12	3	60	69	4	100	4600	62	2852	0.173054	0.0293676	0.122247	0.222247	46	0	46	46	
12	13	1	1	16	4	100	4600	202	9292	0.0132978	0.00190235	0.012674	0.019674	46	0	46	46	
12	13	1	2	21	4	100	4600	130	5980	0.136416	0.0560853	0.0121541	0.222154	46	0	46	46	
12	13	1	3	17	4	100	4600	190	8740	0.0220446	0.0208335	0.0122657	0.120266	46	0	46	46	
12	13	3	4	43	4	100	4600	120	5520	0.165743	0.0338472	0.079243	0.219243	46	0	46	46	
12	13	1	5	23	4	100	4600	8	368	0.068572	0.059409	0.013072	0.128072	46	0	46	46	
12	13	1	6	18	4	100	4600	200	9200	0.0201555	0.00160477	0.0123955	0.0293955	46	0	46	46	
12	13	1	7	22	4	100	4600	164	7544	0.0685815	0.0612953	0.0123011	0.203301	46	0	46	46	
12	13	1	8	19	4	100	4600	142	6532	0.0362062	0.038935	0.0187977	0.189798	46	0	46	46	
12	13	7	9	7	4	100	4600	186	8556	0.0342709	0.0430184	0.0121096	0.17911	46	0	46	46	
12	13	1	10	20	4	100	4600	158	7268	0.0252142	0.0286654	0.0125686	0.132569	46	0	46	46	
12	13	5	11	3	4	100	4600	200	9200	0.0126005	0.000820834	0.0119605	0.0189605	46	0	46	46	
12	13	5	12	17	4	100	4600	100	4600	0.115271	0.0617669	0.012271	0.222271	46	0	46	46	
12	13	3	13	31	4	100	4600	28	1288	0.176141	0.0306473	0.126141	0.228141	46	0	46	46	
12	13	5	14	16	4	100	4600	126	5796	0.103822	0.0722128	0.0127586	0.212759	46	0	46	46	
12	13	5	15	14	4	100	4600	196	9016	0.0139238	0.0031944	0.0119544	0.0219544	46	0	46	46	
12	13	5	16	15	4	100	4600	198	9108	0.0125178	0.00070785	0.012437	0.019437	46	0	46	46	
12	13	5	17	18	4	100	4600	50	2300	0.147389	0.05818	0.0129087	0.218909	46	0	46	46	
12	13	5	18	9	4	100	4600	198	9108	0.0158511	0.0076168	0.0119723	0.0519723	46	0	46	46	
12	13	5	19	10	4	100	4600	154	7084	0.119545	0.0599816	0.0122199	0.21922	46	0	46	46	
12	13	9	20	7	4	100	4600	200	9200	0.0124315	0.0020325	0.0120715	0.0260715	46	0	46	46	
12	13	3	21	93	4	100	4600	404	18584	0.616615	0.376046	0.0112334	1.28623	46	0	46	46	
12	13	4	22	12	4	100	4600	206	9476	0.0231661	0.019484	0.012671	0.119671	46	0	46	46	
12	13	12	23	3	4	100	4600	2	92	0.019885	0	0.019885	0.019885	46	0	46	46	
12	13	13	24	14	4	100	4600	198	9108	0.0210925	0.00300745	0.0193955	0.0263955	46	0	46	46	
12	13	3	25	97	4	100	4600	16	736	0.204203	0.0417732	0.105453	0.245453	46	0	46	46	
12	13	13	26	13	4	100	4600	170	7820	0.0665614	0.0474843	0.0189967	0.185997	46	0	46	46	
12	13	3	27	96	4	100	4600	0	0	0	0	0	0	0	0	0	0	
12	13	4	28	6	4	100	4600	186	8556	0.0641072	0.0591944	0.0121502	0.20915	46	0	46	46	
12	13	5	29	11	4	100	4600	198	9108	0.0152891	0.00328143	0.00475372	0.0207537	46	0	46	46	
12	13	1	30	15	4	100	4600	200	9200	0.0133601	0.00123088	0.0129101	0.0199101	46	0	46	46	
12	13	11	31	9	4	100	4600	80	3680	0.0122258	0.0015711	0.0119758	0.0219758	46	0	46	46	
12	13	3	32	76	4	100	4600	108	4968	0.146437	0.044605	0.0361032	0.222103	46	0	46	46	
12	13	3	33	98	4	100	4600	122	5612	0.0150825	0.00473438	0.00772187	0.0267219	46	0	46	46	
12	13	3	34	94	4	100	4600	42	1932	0.14742	0.0317949	0.0926583	0.212658	46	0	46	46	
12	13	11	35	10	4	100	4600	164	7544	0.0489384	0.0428341	0.0129018	0.165902	46	0	46	46	
12	13	10	36	8	4	100	4600	92	4232	0.147493	0.0359945	0.062493	0.212493	46	0	46	46	
12	13	3	37	95	4	100	4600	200	9200	0.0154645	0.00341319	0.00624454	0.0222445	46	0	46	46	
12	13	11	38	11	4	100	4600	106	4876	0.0204376	0.0128754	0.0119471	0.111947	46	0	46	46	
12	13	3	39	72	4	100	4600	136	6256	0.107666	0.0564837	0.0189891	0.211989	46	0	46	46	
12	13	1	40	14	4	100	4600	200	9200	0.0132514	0.00239386	0.0123414	0.0213414	46	0	46	46	
12	13	6	41	3	4	100	4600	162	7452	0.114433	0.0657976	0.0129018	0.233902	46	0	46	46	
12	13	7	42	3	4	100	4600	202	9292	0.0186103	0.00237995	0.0121054	0.0271054	46	0	46	46	
12	13	8	43	1	4	100	4600	172	7912	0.030868	0.020217	0.0164959	0.126496	46	0	46	46	
12	13	7	44	1	4	100	4600	196	9016	0.0196565	0.00545758	0.01283	0.03383	46	0	46	46	
12	13	10	45	3	4	100	4600	200	9200	0.0121441	0	0.0121441	0.0121441	46	0	46	46	
12	13	11	46	2	4	100	4600	200	9200	0.0164542	0.00349039	0.0128642	0.0198642	46	0	46	46	
12	13	12	47	1	4	100	4600	198	9108	0.0172609	0.00545634	0.0121902	0.0331902	46	0	46	46	
12	13	13	48	1	4	100	4600	200	9200	0.0199852	0.00768393	0.0128052	0.0348052	46	0	46	46	
12	13	4	49	13	4	100	4600	198	9108	0.0143531	0.00269783	0.0119894	0.0199894	46	0	46	46	
12	13	3	50	90	4	100	4600	42	1932	0.167248	0.0317587	0.114105	0.228105	46	0	46	46	
12	13	5	51	13	4	100	4600	190	8740	0.0447934	0.0461864	0.0122881	0.200288	46	0	46	46	
12	13	3	52	71	4	100	4600	90	4140	0.123714	0.04807	0.0332032	0.196203	46	0	46	46	
12	13	4	53	14	4	100	4600	200	9200	0.0191422	0.00152944	0.0124922	0.0194922	46	0	46	46	
12	13	13	54	15	4	100	4600	0	0	0	0	0	0	0	0	0	0	
12	13	2	55	19	4	100	4600	190	8740	0.0292842	0.0294071	0.0127368	0.132737	46	0	46	46	
12	13	3	56	84	4	100	4600	196	9016	0.0296038	0.0289978	0.0124712	0.174471	46	0	46	46	
12	13	10	57	7	4	100	4600	0	0	0	0	0	0	0	0	0	0	
12	13	13	58	12	4	100	4600	22	1012	0.0705259	0.0313878	0.0268895	0.11989	46	0	46	46	
12	13	5	59	12	4	100	4600	200	9200	0.0130252	0.0015586	0.0127552	0.0227552	46	0	46	46	
12	13	3	60	69	4	100	4600	12	552	0.139414	0.0241843	0.111247	0.175247	46	0	46	46	
13	14	1	1	16	4	100	4600	200	9200	0.013114	0.00166742	0.012674	0.019674	46	0	46	46	
13	14	1	2	21	4	100	4600	200	9200	0.0178741	0.00286051	0.0121541	0.0201541	46	0	46	46	
13	14	1	3	17	4	100	4600	206	9476	0.0198773	0.0202902	0.0122657	0.119266	46	0	46	46	
13	14	6	4	9	4	100	4600	26	1196	0.154858	0.0592345	0.012243	0.229243	46	0	46	46	
13	14	6	5	10	4	100	4600	144	6624	0.106447	0.0677854	0.012072	0.227072	46	0	46	46	
13	14	1	6	18	4	100	4600	178	8188	0.0281708	0.0260672	0.0053955	0.114395	46	0	46	46	
13	14	1	7	22	4	100	4600	202	9292	0.0193605	0.00383703	0.0123011	0.0283011	46	0	46	46	
13	14	1	8	19	4	100	4600	148	6808	0.0535545	0.0523335	0.0117977	0.199798	46	0	46	46	
13	14	3	9	99	4	100	4600	10	460	0.18591	0.0258835	0.15211	0.21511	46	0	46	46	
13	14	1	10	20	4	100	4600	190	8740	0.0376213	0.030386	0.0125686	0.120569	46	0	46	46	
13	14	5	11	3	4	100	4600	200	9200	0.0123605	0.00122782	0.0119605	0.0189605	46	0	46	46	
13	14	5	12	17	4	100	4600	176	8096	0.0519301	0.0522	0.012271	0.178271	46	0	46	46	
13	14	3	13	31	4	100	4600	22	1012	0.169595	0.0420076	0.112141	0.226141	46	0	46	46	
13	14	5	14	16	4	100	4600	200	9200	0.0131086	0.00152944	0.0127586	0.0197586	46	0	46	46	
13	14	5	15	14	4	100	4600	188	8648	0.0354331	0.0312618	0.0119544	0.118954	46	0	46	46	
13	14	5	16	15	4	100	4600	198	9108	0.017336	0.00324153	0.012437	0.020437	46	0	46	46	
13	14	5	17	18	4	100	4600	200	9200	0.0135587	0.00224784	0.0129087	0.0229087	46	0	46	46	
13	14	5	18	9	4	100	4600	202	9292	0.0146455	0.00503541	0.0119723	0.0329723	46	0	46	46	
13	14	5	19	10	4	100	4600	208	9568	0.0408641	0.0430613	0.0122199	0.16222	46	0	46	46	
13	14	9	20	7	4	100	4600	200	9200	0.0128415	0.00330936	0.0120715	0.0320715	46	0	46	46	
13	14	3	21	93	4	100	4600	108	4968	0.015289	0.00345555	0.00623341	0.0212334	46	0	46	46	
13	14	4	22	12	4	100	4600	200	9200	0.014211	0.002907	0.012671	0.019671	46	0	46	46	
13	14	12	23	3	4	100	4600	0	0	0	0	0	0	0	0	0	0	
13	14	4	24	18	4	100	4600	68	3128	0.150631	0.0385592	0.0263955	0.206396	46	0	46	46	
13	14	4	25	17	4	100	4600	0	0	0	0	0	0	0	0	0	0	
13	14	13	26	13	4	100	4600	78	3588	0.13292	0.0302504	0.0759967	0.195997	46	0	46	46	
13	14	3	27	96	4	100	4600	52	2392	1.71137	0.0521312	1.62487	1.79887	46	0	46	46	
13	14	4	28	6	4	100	4600	148	6808	0.074434	0.0656278	0.0121502	0.25415	46	0	46	46	
13	14	5	29	11	4	100	4600	200	9200	0.0185537	0.00316069	0.0127537	0.0267537	46	0	46	46	
13	14	1	30	15	4	100	4600	200	9200	0.0173301	0.00335558	0.0129101	0.0209101	46	0	46	46	
13	14	3	31	102	4	100	4600	0	0	0	0	0	0	0	0	0	0	
13	14	11	32	12	4	100	4600	112	5152	0.0375675	0.0440426	0.0121032	0.199103	46	0	46	46	
13	14	3	33	98	4	100	4600	198	9108	0.0177421	0.00536766	0.0127219	0.0277219	46	0	46	46	
13	14	3	34	94	4	100	4600	32	1472	0.152158	0.034886	0.112658	0.222658	46	0	46	46	
13	14	11	35	10	4	100	4600	178	8188	0.0982276	0.061896	0.00490179	0.212902	46	0	46	46	
13	14	11	36	13	4	100	4600	142	6532	0.0460564	0.0524621	0.00549299	0.202493	46	0	46	46	
13	14	3	37	95	4	100	4600	200	9200	0.0148245	0.00264549	0.00824454	0.0242445	46	0	46	46	
13	14	3	38	100	4	100	4600	8	368	0.0534471	0.038704	0.0229471	0.114947	46	0	46	46	
13	14	2	39	22	4	100	4600	120	5520	0.0874058	0.0603851	0.0119891	0.201989	46	0	46	46	
13	14	2	40	23	4	100	4600	194	8924	0.0180012	0.0105338	0.00534136	0.0643414	46	0	46	46	
13	14	6	41	3	4	100	4600	128	5888	0.0927612	0.0698937	0.0129018	0.226902	46	0	46	46	
13	14	7	42	3	4	100	4600	200	9200	0.0171454	0.00308317	0.0121054	0.0261054	46	0	46	46	
13	14	8	43	1	4	100	4600	228	10488	0.0260047	0.0285864	0.0124959	0.156496	46	0	46	46	
13	14	7	44	1	4	100	4600	138	6348	0.0763662	0.0587695	0.01983	0.20683	46	0	46	46	
13	14	10	45	3	4	100	4600	170	7820	0.0132146	0.00252696	0.0121441	0.0191441	46	0	46	46	
13	14	11	46	2	4	100	4600	122	5612	0.0130937	0.00125169	0.0128642	0.0198642	46	0	46	46	
13	14	12	47	1	4	100	4600	202	9292	0.016408	0.00446903	0.0121902	0.0261902	46	0	46	46	
13	14	13	48	1	4	100	4600	202	9292	0.0136765	0.00229498	0.0128052	0.0208052	46	0	46	46	
13	14	4	49	13	4	100	4600	200	9200	0.0162194	0.00354683	0.0119894	0.0259894	46	0	46	46	
13	14	3	50	90	4	100	4600	18	828	0.158327	0.0249271	0.119105	0.198105	46	0	46	46	
13	14	5	51	13	4	100	4600	184	8464	0.0414946	0.0419197	0.0122881	0.179288	46	0	46	46	
13	14	3	52	71	4	100	4600	30	1380	0.153803	0.029257	0.116203	0.213203	46	0	46	46	
13	14	4	53	14	4	100	4600	142	6532	0.0267034	0.0226893	0.0124922	0.119492	46	0	46	46	
13	14	4	54	15	4	100	4600	144	6624	0.0178475	0.0152707	0.00926419	0.0892642	46	0	46	46	
13	14	3	55	101	4	100	4600	138	6348	0.0160411	0.00585046	0.0127368	0.0327368	46	0	46	46	
13	14	3	56	84	4	100	4600	160	7360	0.0199837	0.0155745	0.0124712	0.0904712	46	0	46	46	
13	14	10	57	7	4	100	4600	0	0	0	0	0	0	0	0	0	0	
13	14	4	58	16	4	100	4600	74	3404	0.0985111	0.0440083	0.0228895	0.18289	46	0	46	46	
13	14	5	59	12	4	100	4600	154	7084	0.032963	0.0435246	0.0127552	0.225755	46	0	46	46	
13	14	3	60	69	4	100	4600	6	276	0.12058	0.0107827	0.109247	0.133247	46	0	46	46	
