% start	end	CellId	IMSI	RNTI	LCID	nTxPDUs	TxBytes	nRxPDUs	RxBytes	delay	stdDev	min	max	PduSize	stdDev	min	max
0	1	3	1	39	4	72	3456	142	6816	0.00550302	0.00323945	0.00471429	0.0187143	48	0	48	48	
0	1	1	2	1	4	73	3552	144	7008	0.00471429	0	0.00471429	0.00471429	48.6667	5.63704	48	96	
0	1	3	3	20	4	71	3459	136	6630	0.0162437	0.00507856	0.00471429	0.0257143	48.75	18.6042	8	191	
0	1	6	4	1	4	6	288	12	576	0.00471429	0	0.00471429	0.00471429	48	0	48	48	
0	1	1	5	2	4	73	3504	146	7008	0.00471429	0	0.00471429	0.00471429	48	0	48	48	
0	1	6	6	2	4	6	288	12	576	0.00471429	0	0.00471429	0.00471429	48	0	48	48	
0	1	3	7	3	4	7	165	14	330	0.00471429	0	0.00471429	0.00471429	23.5714	12.4636	11	48	
0	1	3	8	29	4	71	3464	126	6160	0.0171587	0.00989509	0.00471429	0.0257143	48.8889	29.9162	11	273	
0	1	3	9	19	4	75	3514	142	6644	0.0102354	0.0077237	0.00471429	0.0257143	46.7887	23.8737	4	225	
0	1	3	10	5	4	160	3734	312	7280	0.00489377	0.00110821	0.00471429	0.0117143	23.3333	8.02194	3	48	
0	1	5	11	3	4	73	3504	146	7008	0.00471429	0	0.00471429	0.00471429	48	0	48	48	
0	1	5	12	4	4	74	3552	146	7008	0.00864579	0.00348525	0.00471429	0.0117143	48	0	48	48	
0	1	3	13	31	4	72	3464	144	6928	0.00714484	0.00551115	0.00471429	0.0257143	48.1111	24.8585	9	243	
0	1	3	14	34	4	71	3456	112	5472	0.0177143	0.009713	0.00471429	0.0257143	48.8571	6.38531	48	96	
0	1	3	15	8	4	75	3513	146	6834	0.00567319	0.00314451	0.00471429	0.0187143	46.8082	14.8813	9	148	
0	1	8	16	3	4	6	288	12	576	0.00471429	0	0.00471429	0.00471429	48	0	48	48	
0	1	8	17	2	4	6	288	12	576	0.00471429	0	0.00471429	0.00471429	48	0	48	48	
0	1	5	18	2	4	73	3504	146	7008	0.00471429	0	0.00471429	0.00471429	48	0	48	48	
0	1	3	19	41	4	55	2811	104	5536	0.00498352	0.00135267	0.00471429	0.0117143	53.2308	58.4454	4	173	
0	1	9	20	1	4	14	3482	28	6964	0.00621428	0.00292499	0.00471429	0.0117143	248.714	204.494	48	453	
0	1	4	21	1	4	73	3504	146	7008	0.00471429	0	0.00471429	0.00471429	48	0	48	48	
0	1	13	22	2	4	5	240	10	480	0.0117143	0	0.0117143	0.0117143	48	0	48	48	
0	1	4	23	5	4	73	3504	144	6912	0.00471429	0	0.00471429	0.00471429	48	0	48	48	
0	1	4	24	3	4	73	3504	146	7008	0.00471429	0	0.00471429	0.00471429	48	0	48	48	
0	1	3	25	37	4	70	3467	128	6262	0.0105112	0.00771374	0.00471429	0.0257143	48.9219	35.8651	4	307	
0	1	3	26	23	4	62	3457	88	4710	0.0193506	0.00668191	0.00471429	0.0257143	53.5227	22.5343	11	143	
0	1	3	27	2	4	7	167	14	334	0.00471429	0	0.00471429	0.00471429	23.8571	14.0376	11	48	
0	1	3	28	28	4	71	3506	138	6820	0.00501863	0.00186637	0.00471429	0.0187143	49.4203	23.8042	15	238	
0	1	3	29	40	4	36	1362	64	2340	0.0130268	0.00693021	0.00471429	0.0187143	36.5625	15.0574	11	48	
0	1	4	30	4	4	73	3504	144	6912	0.00471429	0	0.00471429	0.00471429	48	0	48	48	
0	1	3	31	24	4	72	3464	140	6736	0.00611429	0.00421508	0.00471429	0.0257143	48.1143	25.2136	9	243	
0	1	3	32	22	4	70	3458	138	6820	0.0204389	0.00566171	0.00471429	0.0257143	49.4203	23.814	11	238	
0	1	3	33	38	4	64	3417	102	5298	0.0106162	0.00767729	0.00471429	0.0257143	51.9412	39.6127	11	298	
0	1	3	34	4	4	105	3093	208	6126	0.00518544	0.00175811	0.00471429	0.0117143	29.4519	11.6203	4	61	
0	1	2	35	1	4	73	3504	146	7008	0.00471429	0	0.00471429	0.00471429	48	0	48	48	
0	1	10	36	1	4	6	288	12	576	0.0117143	0	0.0117143	0.0117143	48	0	48	48	
0	1	2	37	2	4	59	2832	116	5568	0.00471429	0	0.00471429	0.00471429	48	0	48	48	
0	1	10	38	2	4	6	288	12	576	0.00471429	0	0.00471429	0.00471429	48	0	48	48	
0	1	2	39	3	4	56	3358	112	6716	0.00471429	0	0.00471429	0.00471429	59.9643	27.5726	48	191	
0	1	11	40	3	4	35	3400	60	4964	0.00658095	0.00479925	0.00471429	0.0187143	82.7333	83.1221	45	428	
0	1	6	41	3	4	5	240	10	480	0.00471429	0	0.00471429	0.00471429	48	0	48	48	
0	1	7	42	3	4	74	3552	146	7008	0.00471429	0	0.00471429	0.00471429	48	0	48	48	
0	1	8	43	1	4	22	3502	44	7004	0.00503247	0.00147495	0.00471429	0.0117143	159.182	74.0287	48	209	
0	1	7	44	1	4	5	240	10	480	0.00471429	0	0.00471429	0.00471429	48	0	48	48	
0	1	10	45	3	4	6	288	12	576	0.00471429	0	0.00471429	0.00471429	48	0	48	48	
0	1	11	46	2	4	5	240	10	480	0.00471429	0	0.00471429	0.00471429	48	0	48	48	
0	1	12	47	1	4	6	288	12	576	0.00471429	0	0.00471429	0.00471429	48	0	48	48	
0	1	13	48	1	4	5	240	10	480	0.00471429	0	0.00471429	0.00471429	48	0	48	48	
0	1	3	49	18	4	74	3514	118	5588	0.0137312	0.0101955	0.00471429	0.0257143	47.3559	24.9915	11	221	
0	1	7	50	2	4	6	288	12	576	0.00471429	0	0.00471429	0.00471429	48	0	48	48	
0	1	5	51	5	4	73	3504	146	7008	0.00471429	0	0.00471429	0.00471429	48	0	48	48	
0	1	3	52	32	4	49	3458	58	4140	0.0109901	0.00677403	0.00471429	0.0187143	71.3793	65.1855	4	277	
0	1	3	53	35	4	65	3407	114	5950	0.0146617	0.00525937	0.00471429	0.0187143	52.193	16.2584	48	143	
0	1	3	54	7	4	73	3507	142	6822	0.0198974	0.00666804	0.00471429	0.0257143	48.0423	12.998	11	143	
0	1	3	55	1	4	8	191	16	382	0.00471429	0	0.00471429	0.00471429	23.875	10.5254	15	48	
0	1	3	56	21	4	39	3159	78	6318	0.00507326	0.00222719	0.00471429	0.0187143	81	91.0915	15	428	
0	1	11	57	1	4	6	288	12	576	0.00471429	0	0.00471429	0.00471429	48	0	48	48	
0	1	3	58	30	4	72	3466	134	6452	0.017565	0.00509239	0.00471429	0.0257143	48.1493	26.4985	15	251	
0	1	3	59	6	4	68	3509	120	6060	0.012881	0.00656491	0.00471429	0.0187143	50.5	23.4907	11	196	
0	1	3	60	17	4	74	3512	134	6352	0.0168337	0.00523298	0.00471429	0.0257143	47.403	22.3459	4	212	
1	2	3	1	39	4	100	4800	156	7488	0.00695787	0.00327724	0.00471429	0.0117143	48	0	48	48	
1	2	3	2	47	4	105	4825	208	9554	0.0048489	0.000963665	0.00471429	0.0117143	45.9327	17.5957	11	122	
1	2	3	3	20	4	100	4800	188	9024	0.0151398	0.00466295	0.00471429	0.0257143	48	0	48	48	
1	2	3	4	43	4	57	2556	112	5016	0.0174643	0.00638763	0.00471429	0.0257143	44.7857	10.2522	11	60	
1	2	1	5	2	4	100	4800	200	9600	0.00478429	0.000698239	0.00471429	0.0117143	48	0	48	48	
1	2	3	7	3	4	39	487	72	886	0.00471429	0	0.00471429	0.00471429	12.3056	2.14699	10	19	
1	2	3	8	29	4	99	4800	192	9312	0.0192247	0.00935288	0.00471429	0.0257143	48.5	4.88614	48	96	
1	2	3	9	19	4	86	4797	164	9210	0.0099216	0.00691888	0.00471429	0.0257143	56.1585	24.5622	48	191	
1	2	3	10	5	4	214	5118	426	10204	0.00517438	0.00173668	0.00471429	0.0117143	23.9531	6.91717	4	41	
1	2	5	11	3	4	100	4800	200	9600	0.00513429	0.00166658	0.00471429	0.0117143	48	0	48	48	
1	2	5	12	4	4	97	4800	178	8736	0.00786035	0.00349188	0.00471429	0.0117143	49.0787	7.13426	48	96	
1	2	3	13	31	4	99	4800	196	9504	0.00571428	0.00332512	0.00471429	0.0187143	48.4898	4.83628	48	96	
1	2	3	14	34	4	96	4799	182	9118	0.0180989	0.00951738	0.00471429	0.0257143	50.0989	12.0918	48	143	
1	2	3	15	8	4	97	4800	190	9408	0.00545113	0.00278397	0.00471429	0.0187143	49.5158	8.41624	48	96	
1	2	3	16	44	4	58	2558	110	4828	0.0141325	0.00540027	0.00471429	0.0257143	43.8909	11.102	11	51	
1	2	5	18	2	4	68	4355	134	8604	0.00471429	0	0.00471429	0.00471429	64.209	33.687	41	173	
1	2	3	19	41	4	100	4783	194	9076	0.0182091	0.00957341	0.00471429	0.0257143	46.7835	6.17235	5	48	
1	2	5	20	6	4	38	2778	70	5172	0.00791429	0.0035123	0.00471429	0.0117143	73.8857	80.7848	48	453	
1	2	4	21	1	4	100	4800	198	9504	0.00471429	0	0.00471429	0.00471429	48	0	48	48	
1	2	3	23	46	4	99	4166	198	8332	0.0048557	0.000987332	0.00471429	0.0117143	42.0808	30.5525	10	277	
1	2	3	24	45	4	101	4762	200	9428	0.00485429	0.00139648	0.00471429	0.0187143	47.14	9.07149	11	96	
1	2	3	25	37	4	95	4800	174	8832	0.00978325	0.00687257	0.00471429	0.0257143	50.7586	11.2038	48	96	
1	2	3	26	23	4	87	4799	112	6238	0.0173393	0.00600469	0.00471429	0.0257143	55.6964	19.8353	48	143	
1	2	3	27	2	4	94	1528	186	3034	0.00486482	0.00101817	0.00471429	0.0117143	16.3118	4.92095	11	32	
1	2	3	28	28	4	100	4800	160	7680	0.00707678	0.00332039	0.00471429	0.0117143	48	0	48	48	
1	2	3	29	40	4	98	4800	174	8544	0.0184729	0.00270288	0.00471429	0.0257143	49.1034	7.21436	48	96	
1	2	13	30	3	4	71	4745	140	9394	0.00491429	0.00166729	0.00471429	0.0187143	67.1	65.2508	48	381	
1	2	3	31	24	4	99	4800	196	9504	0.00521429	0.00206683	0.00471429	0.0187143	48.4898	4.83628	48	96	
1	2	3	32	22	4	100	4800	200	9600	0.0199043	0.00506579	0.00471429	0.0257143	48	0	48	48	
1	2	3	33	38	4	77	4798	116	7580	0.00930049	0.00697582	0.00471429	0.0257143	65.3448	26.299	48	143	
1	2	3	34	4	4	65	2416	122	4570	0.00482904	0.000892547	0.00471429	0.0117143	37.459	12.1323	18	69	
1	2	2	35	1	4	100	4800	200	9600	0.00471429	0	0.00471429	0.00471429	48	0	48	48	
1	2	3	37	42	4	108	5543	208	10702	0.00996428	0.0058181	0.00471429	0.0187143	51.4519	41.7582	9	277	
1	2	10	38	2	4	95	8107	188	16096	0.00508663	0.0015751	0.00471429	0.0117143	85.617	46.323	11	141	
1	2	3	39	48	4	78	5007	152	9822	0.00480639	0.000800292	0.00471429	0.0117143	64.6184	64.1088	11	476	
1	2	11	40	3	4	29	4800	56	9150	0.00521428	0.00181909	0.00471429	0.0117143	163.393	76.6709	48	225	
1	2	7	42	3	4	52	2496	106	5088	0.00471429	0	0.00471429	0.00471429	48	0	48	48	
1	2	8	43	1	4	100	4800	200	9600	0.00513428	0.00166658	0.00471429	0.0117143	48	0	48	48	
1	2	7	44	1	4	20	8008	40	16016	0.00576429	0.00253134	0.00471429	0.0117143	400.4	228.552	48	549	
1	2	10	45	3	4	62	8061	124	16122	0.00482719	0.00088538	0.00471429	0.0117143	130.016	18.0447	64	137	
1	2	11	46	2	4	97	8095	192	16094	0.0047872	0.000712562	0.00471429	0.0117143	83.8229	45.2717	48	141	
1	2	3	49	18	4	99	4800	128	6240	0.0199174	0.00934244	0.00471429	0.0257143	48.75	5.97633	48	96	
1	2	1	50	3	4	53	2879	104	5662	0.00471429	0	0.00471429	0.00471429	54.4423	34.5621	48	277	
1	2	5	51	5	4	100	4800	198	9504	0.0048557	0.000987332	0.00471429	0.0117143	48	0	48	48	
1	2	3	52	32	4	77	4793	100	6230	0.00779428	0.00547848	0.00471429	0.0187143	62.3	30.6233	48	143	
1	2	3	53	35	4	88	4847	124	6816	0.0088917	0.00584773	0.00471429	0.0187143	54.9677	16.9772	48	96	
1	2	3	54	7	4	100	4800	200	9600	0.0189243	0.0062338	0.00471429	0.0257143	48	0	48	48	
1	2	3	56	21	4	16	4864	16	4326	0.00733929	0.0035	0.00471429	0.0117143	270.375	139.339	96	447	
1	2	3	58	30	4	100	4800	188	9024	0.0185653	0.00228437	0.00471429	0.0257143	48	0	48	48	
1	2	5	59	7	4	38	3685	42	4212	0.0100476	0.00614724	0.00471429	0.0187143	100.286	61.1333	48	286	
1	2	3	60	17	4	80	4794	98	5182	0.0184286	0.00139217	0.0117143	0.0187143	52.8776	17.4517	48	143	
2	3	1	1	5	4	81	4797	102	5852	0.0141849	0.0067994	0.00471429	0.0257143	57.3725	23.2906	48	143	
2	3	3	2	47	4	98	4800	168	8064	0.0162976	0.00465893	0.00471429	0.0257143	48	0	48	48	
2	3	1	3	4	4	93	4752	142	7200	0.00885513	0.0072274	0.00471429	0.0257143	50.7042	11.1067	48	96	
2	3	3	4	43	4	96	4800	158	7680	0.0211953	0.00733	0.00471429	0.0257143	48.6076	5.3832	48	96	
2	3	3	5	49	4	100	4758	186	8844	0.00840246	0.00710079	0.00471429	0.0257143	47.5484	8.31867	11	96	
2	3	6	6	2	4	87	12768	174	25536	0.00495566	0.00128095	0.00471429	0.0117143	146.759	169.381	48	437	
2	3	3	7	3	4	413	6588	832	13264	0.00474794	0.000484486	0.00471429	0.0117143	15.9423	4.58969	9	32	
2	3	3	8	29	4	96	4800	148	7392	0.0100116	0.00661421	0.00471429	0.0257143	49.9459	9.49886	48	96	
2	3	1	9	6	4	83	4750	130	7580	0.0110681	0.0054742	0.00471429	0.0257143	58.3077	25.911	48	191	
2	3	3	10	5	4	232	5078	462	10126	0.00525974	0.00187838	0.00471429	0.0117143	21.9177	6.98851	4	48	
2	3	5	11	3	4	100	4800	200	9600	0.00709429	0.00332428	0.00471429	0.0117143	48	0	48	48	
2	3	5	12	4	4	94	4800	180	9120	0.0108587	0.00229919	0.00471429	0.0117143	50.6667	11.0256	48	96	
2	3	3	13	31	4	100	4800	162	7776	0.00851675	0.00698253	0.00471429	0.0257143	48	0	48	48	
2	3	3	14	34	4	95	4800	150	7584	0.00994095	0.00649744	0.00471429	0.0257143	50.56	10.8216	48	96	
2	3	3	15	8	4	129	4764	224	7830	0.00565179	0.003314	0.00471429	0.0187143	34.9554	31.139	6	143	
2	3	3	16	44	4	80	4796	96	6136	0.0112768	0.0080496	0.00471429	0.0257143	63.9167	29.867	48	143	
2	3	3	17	55	4	32	1638	58	2944	0.00785222	0.0070821	0.00471429	0.0257143	50.7586	16.8953	11	96	
2	3	3	18	57	4	41	4382	74	8390	0.00509266	0.00228577	0.00471429	0.0187143	113.378	77.6749	15	277	
2	3	3	19	41	4	86	4799	116	6336	0.00905911	0.00637264	0.00471429	0.0257143	54.6207	16.6235	48	96	
2	3	3	20	58	4	96	6276	186	12264	0.0106605	0.00271279	0.00471429	0.0187143	65.9355	162.358	11	1616	
2	3	4	21	1	4	99	4800	192	9312	0.00938095	0.00330846	0.00471429	0.0117143	48.5	4.88614	48	96	
2	3	3	22	53	4	59	2424	84	3216	0.0120476	0.00613764	0.00471429	0.0257143	38.2857	14.7498	11	48	
2	3	3	23	46	4	96	4800	152	7680	0.00996429	0.00635615	0.00471429	0.0257143	50.5263	10.7537	48	96	
2	3	3	24	45	4	100	4800	134	6432	0.00669936	0.00553728	0.00471429	0.0257143	48	0	48	48	
2	3	3	25	37	4	100	4800	172	8256	0.0113887	0.0056557	0.00471429	0.0257143	48	0	48	48	
2	3	13	26	5	4	75	4696	78	4412	0.0217656	0.00547935	0.00471429	0.0257143	56.5641	32.2939	48	238	
2	3	3	27	2	4	25	840	44	1524	0.00535065	0.00203562	0.00471429	0.0117143	34.6364	11.6361	24	61	
2	3	3	28	28	4	97	4800	142	6912	0.0155594	0.00610231	0.0117143	0.0257143	48.6761	5.67632	48	96	
2	3	3	29	40	4	89	4800	118	6432	0.0146804	0.00789453	0.00471429	0.0257143	54.5085	16.5032	48	96	
2	3	3	30	54	4	73	4789	108	5778	0.00847354	0.00553303	0.00471429	0.0257143	53.5	57.3602	4	225	
2	3	3	31	24	4	99	4800	170	8256	0.0078437	0.00623369	0.00471429	0.0257143	48.5647	5.1909	48	96	
2	3	3	32	22	4	87	4751	102	5662	0.0226947	0.00561642	0.00471429	0.0257143	55.5098	19.8872	48	143	
2	3	3	33	38	4	94	4800	158	8064	0.0108282	0.00562747	0.00471429	0.0257143	51.038	11.7245	48	96	
2	3	10	34	4	4	194	7665	374	14858	0.00568755	0.00242514	0.00471429	0.0117143	39.7273	12.2247	24	69	
2	3	3	35	50	4	84	3898	152	7028	0.0117143	0.00764268	0.00471429	0.0257143	46.2368	11.5212	9	96	
2	3	3	36	51	4	76	3514	118	5396	0.016816	0.00644953	0.00471429	0.0257143	45.7288	11.5689	11	91	
2	3	3	37	42	4	98	4800	158	7776	0.0168535	0.00496031	0.00471429	0.0257143	49.2152	7.56403	48	96	
2	3	3	38	52	4	99	4788	182	8830	0.011022	0.00713824	0.00471429	0.0257143	48.5165	30.1273	4	143	
2	3	3	39	48	4	100	4800	166	7968	0.0166902	0.0051733	0.00471429	0.0257143	48	0	48	48	
2	3	2	40	5	4	69	4592	134	8638	0.00534115	0.00200627	0.00471429	0.0117143	64.4627	56.4321	48	381	
2	3	8	43	1	4	100	4800	198	9504	0.00994661	0.00364358	0.00471429	0.0187143	48	0	48	48	
2	3	7	44	1	4	100	4800	194	9312	0.00500294	0.00139547	0.00471429	0.0117143	48	0	48	48	
2	3	10	45	3	4	100	4800	198	9504	0.0048557	0.000987332	0.00471429	0.0117143	48	0	48	48	
2	3	11	46	2	4	96	4608	194	9312	0.00471429	0	0.00471429	0.00471429	48	0	48	48	
2	3	3	49	18	4	84	4703	110	6334	0.00725974	0.00525608	0.00471429	0.0257143	57.5818	21.2937	48	143	
2	3	1	50	3	4	100	4800	200	9600	0.00471429	0	0.00471429	0.00471429	48	0	48	48	
2	3	5	51	5	4	100	4800	200	9600	0.00856429	0.00389143	0.00471429	0.0257143	48	0	48	48	
2	3	3	52	32	4	100	4800	126	6048	0.0108254	0.00593865	0.00471429	0.0257143	48	0	48	48	
2	3	3	53	35	4	100	4800	126	6048	0.0111587	0.00577935	0.00471429	0.0257143	48	0	48	48	
2	3	3	54	7	4	158	4920	314	9744	0.00640855	0.00310552	0.00471429	0.0187143	31.0318	12.7083	9	61	
2	3	2	55	4	4	59	1906	118	3812	0.00518886	0.00176728	0.00471429	0.0117143	32.3051	16.8069	9	48	
2	3	3	56	56	4	58	4749	78	5254	0.0104579	0.00594222	0.00471429	0.0257143	67.359	94.2069	13	621	
2	3	13	58	4	4	91	4752	124	6432	0.0119401	0.00735714	0.00471429	0.0257143	51.871	13.1229	48	96	
2	3	5	59	7	4	97	4800	194	9600	0.00500294	0.00139547	0.00471429	0.0117143	49.4845	8.33137	48	96	
2	3	6	60	4	4	47	4382	56	4214	0.0102143	0.00739779	0.00471429	0.0257143	75.25	55.1254	48	286	
3	4	1	1	5	4	93	4798	186	9596	0.00486482	0.00101817	0.00471429	0.0117143	51.5914	39.5612	9	428	
3	4	1	2	9	4	94	4799	122	6048	0.0119438	0.00219235	0.00471429	0.0187143	49.5738	8.58301	48	96	
3	4	1	3	4	4	100	4800	198	9504	0.00775469	0.00347849	0.00471429	0.0117143	48	0	48	48	
3	4	3	4	43	4	98	4800	54	2592	0.0238995	0.00563705	0.00471429	0.0257143	48	0	48	48	
3	4	3	5	49	4	99	4800	114	5472	0.016381	0.00608301	0.00471429	0.0257143	48	0	48	48	
3	4	1	6	7	4	85	4698	170	9396	0.00603193	0.00294812	0.00471429	0.0187143	55.2706	45.9368	48	428	
3	4	3	8	29	4	95	4848	132	6528	0.00577489	0.00351172	0.00471429	0.0187143	49.4545	8.2595	48	96	
3	4	1	9	6	4	94	4800	184	9408	0.0117143	0.00231413	0.00471429	0.0187143	51.1304	11.884	48	96	
3	4	1	10	10	4	257	5124	508	10042	0.00545838	0.00224739	0.00471429	0.0187143	19.7677	15.8266	4	191	
3	4	5	11	3	4	25	4181	40	6646	0.00506428	0.00154505	0.00471429	0.0117143	166.15	208.49	48	761	
3	4	5	12	4	4	98	4800	194	9504	0.01157	0.000997299	0.00471429	0.0117143	48.9897	6.83862	48	96	
3	4	3	13	31	4	97	4800	144	7104	0.0183254	0.00826917	0.00471429	0.0257143	49.3333	7.91564	48	96	
3	4	3	14	34	4	90	4799	120	6622	0.00634762	0.00413213	0.00471429	0.0187143	55.1833	19.2537	48	143	
3	4	3	15	59	4	89	4955	136	7726	0.00955252	0.00673655	0.00471429	0.0257143	56.8088	32.8779	11	225	
3	4	3	16	44	4	89	4799	68	3552	0.0154202	0.00710068	0.00471429	0.0257143	52.2353	13.7158	48	96	
3	4	3	17	55	4	93	4848	140	6912	0.0162143	0.00722655	0.00471429	0.0257143	49.3714	8.02545	48	96	
3	4	3	18	57	4	99	4800	62	2976	0.0243594	0.00520119	0.00471429	0.0257143	48	0	48	48	
3	4	9	19	2	4	69	4747	96	6236	0.00500595	0.00140613	0.00471429	0.0117143	64.9583	26.832	48	143	
3	4	3	20	58	4	82	4798	104	6332	0.0118489	0.00749117	0.00471429	0.0257143	60.8846	28.4135	48	191	
3	4	4	21	1	4	99	4800	194	9408	0.0116421	0.000708899	0.00471429	0.0117143	48.4948	4.86102	48	96	
3	4	3	22	53	4	99	4800	100	4896	0.0128343	0.00354845	0.0117143	0.0257143	48.96	6.75385	48	96	
3	4	3	23	46	4	95	4800	132	6624	0.00566883	0.00320987	0.00471429	0.0187143	50.1818	10.0364	48	96	
3	4	3	24	45	4	91	4799	120	6430	0.00763095	0.00682628	0.00471429	0.0257143	53.5833	17.7161	48	143	
3	4	3	25	37	4	97	4800	150	7296	0.015541	0.00837281	0.00471429	0.0257143	48.64	5.52393	48	96	
3	4	13	26	5	4	100	4800	202	9696	0.0196153	0.00322461	0.00471429	0.0257143	48	0	48	48	
3	4	3	27	2	4	304	15224	610	30456	0.00730773	0.00473175	0.00471429	0.0257143	49.9279	32.8245	5	173	
3	4	4	28	6	4	83	4703	112	6238	0.0110893	0.00382294	0.00471429	0.0187143	55.6964	19.8353	48	143	
3	4	3	29	40	4	72	4795	48	3070	0.0213393	0.00606218	0.0117143	0.0257143	63.9583	33.1707	48	191	
3	4	3	30	54	4	89	4800	88	4992	0.0134643	0.00400646	0.0117143	0.0257143	56.7273	18.6194	48	96	
3	4	3	31	24	4	97	4800	152	7584	0.0178853	0.00813363	0.00471429	0.0257143	49.8947	9.37741	48	96	
3	4	2	32	6	4	83	4798	38	2206	0.0194511	0.00857931	0.00471429	0.0257143	58.0526	25.1621	48	143	
3	4	3	33	38	4	89	4800	142	7488	0.0144748	0.00795103	0.00471429	0.0257143	52.7324	14.3601	48	96	
3	4	10	34	4	4	96	4799	188	9406	0.0102249	0.00654519	0.00471429	0.0257143	50.0319	11.902	48	143	
3	4	3	35	50	4	93	4847	112	5854	0.0208393	0.00622133	0.00471429	0.0257143	52.2679	16.3943	48	143	
3	4	3	36	51	4	91	4800	84	4416	0.015381	0.00559116	0.00471429	0.0257143	52.5714	14.1747	48	96	
3	4	2	37	7	4	81	4748	48	2972	0.0131726	0.0067665	0.00471429	0.0257143	61.9167	29.401	48	143	
3	4	3	38	52	4	100	4800	126	6048	0.011381	0.00363538	0.00471429	0.0257143	48	0	48	48	
3	4	3	39	48	4	97	4799	84	4032	0.016881	0.00462532	0.00471429	0.0257143	48	0	48	48	
3	4	10	40	5	4	69	4691	128	8426	0.00996429	0.0049692	0.00471429	0.0257143	65.8281	68.7723	48	428	
3	4	8	43	1	4	100	4800	200	9600	0.00793429	0.00363561	0.00471429	0.0187143	48	0	48	48	
3	4	7	44	1	4	100	4800	196	9408	0.0176429	0.00675164	0.0117143	0.0257143	48	0	48	48	
3	4	10	45	3	4	93	4464	188	9024	0.00694833	0.00372138	0.00471429	0.0187143	48	0	48	48	
3	4	11	46	2	4	79	4613	158	9226	0.00471429	0	0.00471429	0.00471429	58.3924	35.8576	48	225	
3	4	3	49	18	4	70	4888	80	5370	0.00803929	0.00704196	0.00471429	0.0257143	67.125	33.6039	48	191	
3	4	1	50	3	4	98	4802	196	9604	0.00471429	0	0.00471429	0.00471429	49	9.04122	18	96	
3	4	5	51	5	4	98	4800	190	9312	0.00943007	0.00344469	0.00471429	0.0187143	49.0105	6.90908	48	96	
3	4	3	52	32	4	99	4800	94	4512	0.0120122	0.00288798	0.00471429	0.0257143	48	0	48	48	
3	4	3	53	35	4	100	4800	94	4512	0.0120122	0.00288798	0.00471429	0.0257143	48	0	48	48	
3	4	3	54	7	4	214	5084	426	10190	0.00553588	0.00225568	0.00471429	0.0117143	23.9202	13.0832	5	48	
3	4	2	55	4	4	100	4800	198	9504	0.00563348	0.00237019	0.00471429	0.0117143	48	0	48	48	
3	4	3	56	56	4	100	4800	130	6240	0.0117143	0.00408818	0.00471429	0.0257143	48	0	48	48	
3	4	13	58	4	4	5	240	12	576	0.0117143	0	0.0117143	0.0117143	48	0	48	48	
3	4	5	59	7	4	99	4800	198	9600	0.0058456	0.00258322	0.00471429	0.0117143	48.4848	4.81192	48	96	
3	4	1	60	8	4	73	3884	144	7672	0.011131	0.00304167	0.00471429	0.0187143	53.2778	44.6266	48	428	
4	5	1	1	5	4	100	4800	200	9600	0.00541429	0.00210527	0.00471429	0.0117143	48	0	48	48	
4	5	1	2	9	4	100	4800	196	9408	0.0137143	0.00347297	0.0117143	0.0257143	48	0	48	48	
4	5	3	3	64	4	100	4762	200	9524	0.00604428	0.002753	0.00471429	0.0117143	47.62	11.0128	11	96	
4	5	3	4	43	4	97	4800	72	3456	0.0218254	0.00652958	0.00471429	0.0257143	48	0	48	48	
4	5	3	5	49	4	94	4800	134	6528	0.01558	0.00634093	0.00471429	0.0257143	48.7164	5.84205	48	96	
4	5	3	6	65	4	82	4761	156	9322	0.00650916	0.0030664	0.00471429	0.0117143	59.7564	59.4298	11	344	
4	5	3	8	29	4	87	4704	120	6720	0.0112476	0.0077924	0.00471429	0.0257143	56	17.9635	48	96	
4	5	3	9	63	4	79	4564	144	7232	0.0114226	0.00444842	0.00471429	0.0257143	50.2222	31.4232	11	294	
4	5	6	10	5	4	86	4751	154	8448	0.0116234	0.00329857	0.00471429	0.0187143	54.8571	16.8513	48	96	
4	5	5	11	3	4	20	5260	40	10520	0.00471429	0	0.00471429	0.00471429	263	127.491	96	453	
4	5	5	12	4	4	97	4800	188	9312	0.00709726	0.00332582	0.00471429	0.0117143	49.5319	8.45966	48	96	
4	5	3	13	31	4	98	4800	146	7104	0.014591	0.00724535	0.00471429	0.0257143	48.6575	5.59857	48	96	
4	5	3	14	34	4	90	4800	124	6528	0.0104723	0.0079361	0.00471429	0.0257143	52.6452	14.2488	48	96	
4	5	3	15	59	4	97	4752	150	7392	0.0123676	0.00699279	0.00471429	0.0257143	49.28	7.75906	48	96	
4	5	3	16	44	4	96	4800	136	6528	0.0149055	0.00686215	0.00471429	0.0257143	48	0	48	48	
4	5	9	17	3	4	51	4594	48	4000	0.00908929	0.00606218	0.00471429	0.0257143	83.3333	59.6569	48	277	
4	5	3	18	57	4	96	4800	96	4608	0.0187143	0.00760055	0.00471429	0.0257143	48	0	48	48	
4	5	3	19	61	4	91	4577	154	8246	0.00735065	0.00588542	0.00471429	0.0257143	53.5455	37.4464	11	333	
4	5	3	20	58	4	88	4798	134	7196	0.0150576	0.00780698	0.00471429	0.0257143	53.7015	19.4233	48	143	
4	5	4	21	1	4	100	4800	202	9696	0.0088727	0.00409279	0.00471429	0.0257143	48	0	48	48	
4	5	3	22	53	4	100	4800	136	6528	0.0100672	0.00553712	0.00471429	0.0257143	48	0	48	48	
4	5	3	23	46	4	88	4800	116	6624	0.0119557	0.00835581	0.00471429	0.0257143	57.1034	18.899	48	96	
4	5	3	24	45	4	88	4798	112	5950	0.00746429	0.00589472	0.00471429	0.0257143	53.125	17.3829	48	143	
4	5	3	25	37	4	93	4799	152	7870	0.0129117	0.00759055	0.00471429	0.0257143	51.7763	15.0747	48	143	
4	5	13	26	5	4	83	4596	148	7758	0.00670077	0.00523071	0.00471429	0.0257143	52.4189	19.0973	48	141	
4	5	3	27	2	4	227	5096	452	10144	0.00505499	0.00150795	0.00471429	0.0117143	22.4425	12.9491	3	66	
4	5	4	28	6	4	46	4792	92	9584	0.00471429	0	0.00471429	0.00471429	104.174	97.1238	48	277	
4	5	3	29	40	4	61	4792	54	3834	0.0171587	0.00800629	0.00471429	0.0257143	71	33.0351	48	143	
4	5	13	30	6	4	79	4701	80	4702	0.0103143	0.00614096	0.00471429	0.0257143	58.775	27.388	48	191	
4	5	3	31	24	4	98	4800	140	6912	0.0133143	0.00771134	0.00471429	0.0257143	49.3714	8.02545	48	96	
4	5	11	32	6	4	73	4360	146	8530	0.00624853	0.00406866	0.00471429	0.0257143	58.4247	58.6597	48	523	
4	5	3	33	38	4	86	4800	124	7008	0.0130691	0.00755704	0.00471429	0.0257143	56.5161	18.4115	48	96	
4	5	3	34	60	4	90	4338	146	6912	0.012002	0.00841916	0.00471429	0.0257143	47.3425	39.188	5	325	
4	5	2	35	10	4	66	4697	38	2588	0.0124511	0.00686426	0.00471429	0.0257143	68.1053	39.3912	48	191	
4	5	2	36	11	4	73	4793	60	3930	0.0140476	0.00585898	0.00471429	0.0257143	65.5	40.109	48	238	
4	5	2	37	7	4	83	4364	168	8824	0.00471429	0	0.00471429	0.00471429	52.5238	41.3371	48	428	
4	5	3	38	52	4	100	4800	116	5568	0.0115936	0.00496974	0.00471429	0.0257143	48	0	48	48	
4	5	3	39	48	4	63	4789	52	3830	0.0170989	0.00356538	0.00471429	0.0187143	73.6538	46.5601	48	238	
4	5	2	40	8	4	80	4793	160	9586	0.00585178	0.00259047	0.00471429	0.0117143	59.9125	49.1431	48	428	
4	5	8	43	1	4	100	4800	202	9696	0.0079024	0.00349474	0.00471429	0.0117143	48	0	48	48	
4	5	7	44	1	4	100	4800	198	9504	0.008886	0.00358519	0.00471429	0.0187143	48	0	48	48	
4	5	11	46	2	4	29	5146	56	10196	0.00596428	0.00329876	0.00471429	0.0187143	182.071	497.716	48	2292	
4	5	3	49	18	4	88	4799	112	5952	0.00596428	0.00354253	0.00471429	0.0187143	53.1429	14.9129	48	96	
4	5	1	50	3	4	40	1920	82	3936	0.00471429	0	0.00471429	0.00471429	48	0	48	48	
4	5	5	51	5	4	93	4800	178	9216	0.00864687	0.00348296	0.00471429	0.0117143	51.7753	12.9578	48	96	
4	5	3	52	32	4	100	4800	126	6048	0.0108254	0.00606923	0.00471429	0.0257143	48	0	48	48	
4	5	13	53	7	4	74	4751	78	4708	0.00758608	0.00413524	0.00471429	0.0187143	60.359	40.9063	9	238	
4	5	3	54	7	4	268	5138	540	10350	0.00497354	0.00132319	0.00471429	0.0117143	19.1667	10.1783	4	60	
4	5	3	55	62	4	116	4796	230	9496	0.00763602	0.00514955	0.00471429	0.0257143	41.287	15.9567	4	96	
4	5	11	56	5	4	52	3678	34	2584	0.00759664	0.00426234	0.00471429	0.0187143	76	81.2367	48	381	
4	5	2	57	9	4	17	11984	20	7994	0.00821428	0.00579019	0.00471429	0.0187143	399.7	411.506	48	1141	
4	5	5	59	7	4	58	4688	118	9472	0.00471429	0	0.00471429	0.00471429	80.2712	59.897	48	333	
4	5	1	60	8	4	96	4800	186	9312	0.0119401	0.00161164	0.00471429	0.0187143	50.0645	9.76459	48	96	
5	6	1	1	5	4	92	4796	184	9592	0.00479037	0.000727804	0.00471429	0.0117143	52.1304	39.5093	48	428	
5	6	3	2	68	4	115	4800	180	6816	0.0121032	0.00567006	0.00471429	0.0257143	37.8667	15.7105	7	48	
5	6	3	3	64	4	100	4800	126	6048	0.0167143	0.00579655	0.00471429	0.0257143	48	0	48	48	
5	6	3	4	43	4	99	4800	30	1440	0.021981	0.00440167	0.0117143	0.0257143	48	0	48	48	
5	6	3	5	49	4	98	4800	120	5952	0.0173143	0.00541458	0.00471429	0.0257143	49.6	8.65239	48	96	
5	6	3	6	65	4	103	4762	200	9052	0.0213043	0.00791804	0.00471429	0.0257143	45.26	10.8147	11	96	
5	6	3	7	3	4	249	4332	492	8578	0.00525494	0.00187066	0.00471429	0.0117143	17.435	5.96133	9	41	
5	6	3	8	29	4	94	4847	184	9502	0.0057795	0.00291521	0.00471429	0.0187143	51.6413	14.5329	48	143	
5	6	3	9	63	4	22	4826	24	4424	0.00646429	0.00309628	0.00471429	0.0117143	184.333	203.482	48	749	
5	6	1	10	11	4	62	3024	118	5664	0.0111211	0.00415148	0.00471429	0.0257143	48	0	48	48	
5	6	5	11	3	4	94	4917	188	9834	0.00642705	0.00301732	0.00471429	0.0117143	52.3085	20.3241	48	173	
5	6	5	12	4	4	100	4800	200	9600	0.00765429	0.00346358	0.00471429	0.0117143	48	0	48	48	
5	6	3	13	31	4	99	4800	184	8928	0.0215295	0.00671175	0.00471429	0.0257143	48.5217	4.99065	48	96	
5	6	3	14	34	4	98	4848	190	9216	0.00611429	0.0028074	0.00471429	0.0117143	48.5053	4.91165	48	96	
5	6	3	15	59	4	100	4800	194	9312	0.0199411	0.00719745	0.00471429	0.0257143	48	0	48	48	
5	6	3	16	44	4	99	4800	126	6048	0.0162698	0.00589448	0.00471429	0.0257143	48	0	48	48	
5	6	9	17	3	4	100	4800	202	9696	0.00519943	0.00178224	0.00471429	0.0117143	48	0	48	48	
5	6	3	18	57	4	100	4800	40	1920	0.0232643	0.00338132	0.0187143	0.0257143	48	0	48	48	
5	6	3	19	61	4	94	4799	176	8926	0.00543019	0.0021271	0.00471429	0.0117143	50.7159	13.2181	48	143	
5	6	3	20	58	4	94	4800	178	8928	0.0125795	0.00866605	0.00471429	0.0257143	50.1573	9.97273	48	96	
5	6	4	21	1	4	100	4800	198	9504	0.0119264	0.00253412	0.00471429	0.0187143	48	0	48	48	
5	6	3	22	53	4	96	4800	146	7296	0.0122896	0.00516732	0.00471429	0.0257143	49.9726	9.56138	48	96	
5	6	3	23	46	4	98	4800	186	8928	0.00576805	0.00271279	0.00471429	0.0187143	48	0	48	48	
5	6	3	24	45	4	93	4800	174	8736	0.00938095	0.00772454	0.00471429	0.0257143	50.2069	10.0819	48	96	
5	6	3	25	37	4	90	4848	158	8256	0.0150814	0.00933888	0.00471429	0.0257143	52.2532	13.6838	48	96	
5	6	3	26	66	4	85	4824	42	2856	0.0167143	0.00905269	0.00471429	0.0257143	68	31.1456	48	141	
5	6	3	27	2	4	232	5156	464	10228	0.00537808	0.00205305	0.00471429	0.0117143	22.0431	11.9884	4	60	
5	6	4	28	6	4	62	4790	124	9580	0.00471429	0	0.00471429	0.00471429	77.2581	93.0523	48	453	
5	6	3	29	40	4	91	4799	150	7584	0.021981	0.00652169	0.00471429	0.0257143	50.56	10.8216	48	96	
5	6	4	30	7	4	83	4480	154	8312	0.00498701	0.00135893	0.00471429	0.0117143	53.974	34.6942	33	349	
5	6	3	31	24	4	83	4799	104	5760	0.0183104	0.00809233	0.00471429	0.0257143	55.3846	17.4023	48	96	
5	6	11	32	6	4	100	4800	198	9504	0.0155325	0.00685804	0.00471429	0.0257143	48	0	48	48	
5	6	2	33	12	4	74	4749	128	7868	0.0118237	0.00873966	0.00471429	0.0257143	61.4688	24.6857	48	143	
5	6	3	34	60	4	93	4800	170	8448	0.0113025	0.00836631	0.00471429	0.0257143	49.6941	8.88323	48	96	
5	6	2	35	10	4	99	4800	196	9504	0.0135	0.00305924	0.0117143	0.0187143	48.4898	4.83628	48	96	
5	6	2	36	11	4	99	4800	196	9504	0.00735714	0.00368573	0.00471429	0.0187143	48.4898	4.83628	48	96	
5	6	3	37	67	4	70	3456	76	3648	0.0159511	0.00549149	0.00471429	0.0257143	48	0	48	48	
5	6	3	38	52	4	100	4800	192	9216	0.0108393	0.00232108	0.00471429	0.0117143	48	0	48	48	
5	6	3	39	48	4	42	4777	24	2674	0.00879762	0.00457704	0.00471429	0.0187143	111.417	84.9465	48	286	
5	6	2	40	8	4	81	4798	160	9500	0.00480179	0.000780159	0.00471429	0.0117143	59.375	25.4219	48	191	
5	6	7	42	3	4	78	11366	156	22732	0.00641941	0.00452408	0.00471429	0.0187143	145.718	44.248	48	173	
5	6	8	43	1	4	100	4800	196	9408	0.0137143	0.00549125	0.00471429	0.0257143	48	0	48	48	
5	6	7	44	1	4	100	4800	196	9408	0.0173571	0.00647084	0.00471429	0.0257143	48	0	48	48	
5	6	10	45	3	4	84	9892	168	19784	0.00513095	0.00166117	0.00471429	0.0117143	117.762	151.782	48	453	
5	6	11	46	2	4	99	4800	198	9600	0.00909812	0.00406222	0.00471429	0.0257143	48.4848	4.81192	48	96	
5	6	3	49	18	4	87	4799	146	7870	0.0120978	0.00884601	0.00471429	0.0257143	53.9041	17.659	48	143	
5	6	6	50	6	4	8	384	16	768	0.0152143	0.00626099	0.0117143	0.0257143	48	0	48	48	
5	6	5	51	5	4	95	4800	188	9504	0.00828875	0.00350855	0.00471429	0.0117143	50.5532	10.8007	48	96	
5	6	3	52	32	4	95	4800	128	6528	0.0132455	0.00548145	0.00471429	0.0257143	51	11.6646	48	96	
5	6	13	53	7	4	61	4852	124	9800	0.0118272	0.00542834	0.00471429	0.0257143	79.0323	13.6638	48	85	
5	6	3	54	7	4	100	2278	200	4556	0.00471429	0	0.00471429	0.00471429	22.78	14.5882	6	48	
5	6	3	55	62	4	100	4800	188	9024	0.0230334	0.00597895	0.00471429	0.0257143	48	0	48	48	
5	6	11	56	5	4	81	5760	158	11328	0.00568897	0.00382741	0.00471429	0.0257143	71.6962	63.0661	48	277	
5	6	2	57	9	4	100	4800	200	9600	0.00471429	0	0.00471429	0.00471429	48	0	48	48	
5	6	4	58	8	4	57	3164	114	6328	0.00508271	0.00156998	0.00471429	0.0117143	55.5088	50.3949	48	428	
5	6	5	59	7	4	85	4891	168	9686	0.00471429	0	0.00471429	0.00471429	57.6548	40.1991	48	381	
5	6	6	60	7	4	75	3648	138	6720	0.0113085	0.00264337	0.00471429	0.0187143	48.6957	5.75739	48	96	
6	7	1	1	5	4	97	4800	194	9600	0.00485861	0.0014178	0.00471429	0.0187143	49.4845	8.33137	48	96	
6	7	3	2	68	4	100	4848	82	3936	0.0175192	0.00437287	0.00471429	0.0257143	48	0	48	48	
6	7	1	3	13	4	79	4749	62	3262	0.0110369	0.00828345	0.00471429	0.0257143	52.6129	18.7033	48	143	
6	7	3	4	43	4	97	4800	58	2784	0.0220936	0.00684369	0.00471429	0.0257143	48	0	48	48	
6	7	3	5	49	4	99	4800	86	4128	0.0172492	0.00752517	0.00471429	0.0257143	48	0	48	48	
6	7	3	6	65	4	91	4800	66	3360	0.0191385	0.00671178	0.0117143	0.0257143	50.9091	11.5409	48	96	
6	7	3	7	3	4	506	15480	1014	30960	0.0067991	0.00343588	0.00471429	0.0187143	30.5325	18.0954	9	141	
6	7	3	8	29	4	84	4846	60	3166	0.00821429	0.00597594	0.00471429	0.0187143	52.7667	18.9981	48	143	
6	7	7	9	5	4	92	4752	84	4320	0.011881	0.00744754	0.00471429	0.0257143	51.4286	12.4361	48	96	
6	7	7	10	4	4	72	4550	140	6816	0.00811428	0.00578612	0.00471429	0.0257143	48.6857	5.71642	48	96	
6	7	5	11	3	4	99	4800	198	9600	0.00994661	0.00304894	0.00471429	0.0117143	48.4848	4.81192	48	96	
6	7	5	12	4	4	98	4800	196	9600	0.00471429	0	0.00471429	0.00471429	48.9796	6.80419	48	96	
6	7	3	13	31	4	81	4797	90	5180	0.0140476	0.00865312	0.00471429	0.0257143	57.5556	23.9199	48	143	
6	7	3	14	34	4	90	4800	78	4128	0.00902198	0.00588705	0.00471429	0.0187143	52.9231	14.6569	48	96	
6	7	3	15	59	4	95	4799	108	5376	0.0130106	0.00778359	0.00471429	0.0257143	49.7778	9.10718	48	96	
6	7	3	16	44	4	100	4848	90	4320	0.0154476	0.00689699	0.00471429	0.0257143	48	0	48	48	
6	7	9	17	3	4	99	4800	198	9600	0.00471429	0	0.00471429	0.00471429	48.4848	4.81192	48	96	
6	7	5	18	9	4	85	4751	54	3264	0.0197513	0.00895895	0.00471429	0.0257143	60.4444	21.2325	48	96	
6	7	5	19	10	4	82	4749	76	4318	0.00895113	0.00637258	0.00471429	0.0257143	56.8158	21.659	48	143	
6	7	3	20	58	4	72	4267	72	3552	0.0140476	0.00830747	0.00471429	0.0257143	49.3333	7.94346	48	96	
6	7	4	21	1	4	98	4752	188	9024	0.0138739	0.0033996	0.0117143	0.0257143	48	0	48	48	
6	7	4	22	11	4	50	4072	28	2858	0.0102143	0.00480355	0.00471429	0.0187143	102.071	110.775	10	428	
6	7	3	23	46	4	90	4848	76	4224	0.00987218	0.00660314	0.00471429	0.0187143	55.5789	17.6191	48	96	
6	7	3	24	45	4	95	4752	68	3456	0.010479	0.0081077	0.00471429	0.0257143	50.8235	11.3781	48	96	
6	7	3	25	37	4	94	4752	94	4608	0.0148419	0.00765553	0.00471429	0.0257143	49.0213	6.96378	48	96	
6	7	3	26	66	4	97	4848	66	3264	0.0246537	0.00392969	0.00471429	0.0257143	49.4545	8.2912	48	96	
6	7	4	27	10	4	158	4864	298	9288	0.00847267	0.00394004	0.00471429	0.0257143	31.1678	11.9208	8	66	
6	7	4	28	6	4	70	4787	138	9478	0.00542443	0.00243515	0.00471429	0.0187143	68.6812	126.132	48	1093	
6	7	3	29	40	4	92	4848	74	3936	0.0179575	0.00782131	0.00471429	0.0257143	53.1892	15.0066	48	96	
6	7	4	30	7	4	99	4800	192	9312	0.00843304	0.00350229	0.00471429	0.0117143	48.5	4.88614	48	96	
6	7	2	31	17	4	84	4758	94	4912	0.00977811	0.0075017	0.00471429	0.0257143	52.2553	20.4398	6	96	
6	7	2	32	16	4	88	4560	150	7392	0.0176876	0.0087116	0.00471429	0.0257143	49.28	7.75906	48	96	
6	7	2	33	12	4	70	4800	136	9216	0.0114055	0.00253717	0.00471429	0.0187143	67.7647	23.7107	48	96	
6	7	2	34	14	4	94	4751	154	7584	0.0106234	0.00519472	0.00471429	0.0257143	49.2468	7.65968	48	96	
6	7	2	35	10	4	93	4800	176	9120	0.0119529	0.00288838	0.00471429	0.0187143	51.8182	13.0253	48	96	
6	7	2	36	11	4	95	4800	182	9120	0.0101758	0.00372333	0.00471429	0.0187143	50.1099	9.86702	48	96	
6	7	3	37	67	4	100	4848	80	3840	0.0180143	0.00345092	0.00471429	0.0257143	48	0	48	48	
6	7	2	38	18	4	89	4800	68	3552	0.013979	0.00678149	0.00471429	0.0257143	52.2353	13.7158	48	96	
6	7	1	39	12	4	92	4800	150	7488	0.0112476	0.00175196	0.00471429	0.0117143	49.92	9.43755	48	96	
6	7	2	40	8	4	47	4383	94	8766	0.00471429	0	0.00471429	0.00471429	93.2553	60.1813	48	238	
6	7	7	42	3	4	100	4800	198	9504	0.00478499	0.000701739	0.00471429	0.0117143	48	0	48	48	
6	7	8	43	1	4	100	4800	200	9600	0.0190643	0.00675839	0.0117143	0.0257143	48	0	48	48	
6	7	7	44	1	4	100	4800	204	9792	0.0110966	0.0045139	0.00471429	0.0187143	48	0	48	48	
6	7	10	45	3	4	100	4800	200	9600	0.00730428	0.00428646	0.00471429	0.0187143	48	0	48	48	
6	7	11	46	2	4	100	4800	162	7776	0.0111958	0.00265213	0.00471429	0.0257143	48	0	48	48	
6	7	12	47	1	4	81	11821	162	23642	0.00471429	0	0.00471429	0.00471429	145.938	51.1719	48	173	
6	7	3	49	18	4	92	4800	58	3072	0.00905911	0.00751268	0.00471429	0.0257143	52.9655	14.7458	48	96	
6	7	5	51	5	4	98	4800	196	9600	0.00928571	0.00389609	0.00471429	0.0187143	48.9796	6.80419	48	96	
6	7	9	52	4	4	83	4556	52	3068	0.0130604	0.00439199	0.00471429	0.0187143	59	38.4769	48	191	
6	7	3	53	70	4	55	3857	78	5248	0.00830403	0.00526058	0.00471429	0.0257143	67.2821	65.7196	15	428	
6	7	13	54	8	4	7	336	14	672	0.00671429	0.00508391	0.00471429	0.0187143	48	0	48	48	
6	7	2	55	15	4	85	4746	136	7194	0.00893487	0.00809544	0.00471429	0.0257143	52.8971	34.8326	48	333	
6	7	2	56	13	4	74	4699	116	6812	0.00978325	0.00340262	0.00471429	0.0187143	58.7241	29.5372	48	238	
6	7	2	57	9	4	100	4800	200	9600	0.00471429	0	0.00471429	0.00471429	48	0	48	48	
6	7	4	58	8	4	94	4799	188	9598	0.00471429	0	0.00471429	0.00471429	51.0532	16.8303	48	191	
6	7	5	59	7	4	94	4799	188	9598	0.00486322	0.00101283	0.00471429	0.0117143	51.0532	16.8303	48	191	
6	7	3	60	69	4	71	3517	40	1816	0.0190643	0.00652628	0.0117143	0.0257143	45.4	7.89937	22	48	
7	8	3	1	82	4	104	4812	204	9446	0.00498879	0.0013621	0.00471429	0.0117143	46.3039	11.6118	9	96	
7	8	3	2	68	4	92	4798	18	960	0.0194921	0.00226367	0.0187143	0.0257143	53.3333	15.5223	48	96	
7	8	1	3	13	4	100	4800	198	9504	0.00860317	0.00348715	0.00471429	0.0117143	48	0	48	48	
7	8	3	4	43	4	93	4800	40	1920	0.0229143	0.00649734	0.00471429	0.0257143	48	0	48	48	
7	8	3	5	49	4	98	4800	40	1920	0.0197643	0.00463515	0.00471429	0.0257143	48	0	48	48	
7	8	3	6	65	4	96	4800	18	864	0.0194921	0.00792283	0.00471429	0.0257143	48	0	48	48	
7	8	3	7	3	4	174	3131	348	6282	0.00507635	0.00155252	0.00471429	0.0117143	18.0517	7.97205	5	48	
7	8	3	8	29	4	76	4701	2	192	0.0257143	0	0.0257143	0.0257143	96	0	96	96	
7	8	3	9	77	4	44	1981	42	2016	0.0167143	0.00584349	0.0117143	0.0257143	48	0	48	48	
7	8	3	10	78	4	98	4741	140	7054	0.00701428	0.00527339	0.00471429	0.0257143	50.3857	16.4472	11	96	
7	8	5	11	3	4	12	4664	12	2380	0.00821428	0.00365563	0.00471429	0.0117143	198.333	226.147	48	570	
7	8	5	12	4	4	98	4800	196	9600	0.00478571	0.000705291	0.00471429	0.0117143	48.9796	6.80419	48	96	
7	8	3	13	31	4	80	4800	24	1536	0.0157976	0.00897783	0.00471429	0.0257143	64	23.1141	48	96	
7	8	3	14	34	4	88	4752	0	0	0	0	0	0	0	0	0	0	
7	8	3	15	59	4	75	4841	18	864	0.00471429	0	0.00471429	0.00471429	48	0	48	48	
7	8	3	16	44	4	96	4800	26	1344	0.016022	0.00526702	0.00471429	0.0187143	51.6923	13.0438	48	96	
7	8	3	17	75	4	61	4363	42	3852	0.00804762	0.00678113	0.00471429	0.0257143	91.7143	91.2195	48	453	
7	8	5	18	9	4	100	4800	198	9504	0.00662338	0.00409058	0.00471429	0.0187143	48	0	48	48	
7	8	5	19	10	4	97	4800	186	9216	0.011639	0.000723902	0.00471429	0.0117143	49.5484	8.50376	48	96	
7	8	9	20	5	4	19	4889	14	672	0.00471429	0	0.00471429	0.00471429	48	0	48	48	
7	8	4	21	1	4	82	4839	158	9200	0.0113599	0.00271367	0.00471429	0.0187143	58.2278	85.3349	48	808	
7	8	4	22	11	4	61	4931	120	9766	0.00471429	0	0.00471429	0.00471429	81.3833	53.2983	48	286	
7	8	3	23	46	4	88	4752	6	480	0.0187143	0	0.0187143	0.0187143	80	24.7871	48	96	
7	8	3	24	45	4	75	4845	16	1246	0.0117143	0.00956382	0.00471429	0.0257143	77.875	34.2479	48	143	
7	8	3	25	37	4	92	4800	22	1056	0.0136234	0.0031909	0.0117143	0.0187143	48	0	48	48	
7	8	3	26	66	4	94	4752	30	1440	0.0257143	0	0.0257143	0.0257143	48	0	48	48	
7	8	4	27	10	4	99	4800	186	8928	0.0121659	0.00368347	0.00471429	0.0257143	48	0	48	48	
7	8	4	28	6	4	100	4800	200	9600	0.00744428	0.00342282	0.00471429	0.0117143	48	0	48	48	
7	8	3	29	40	4	76	4749	16	960	0.0125893	0.0105	0.00471429	0.0257143	60	21.4663	48	96	
7	8	3	30	80	4	71	4560	116	7956	0.00773153	0.00585474	0.00471429	0.0257143	68.5862	55.2462	48	405	
7	8	2	31	17	4	98	4800	194	9504	0.0138071	0.00441167	0.00471429	0.0187143	48.9897	6.83862	48	96	
7	8	3	32	76	4	80	4693	84	5642	0.00871429	0.00829574	0.00471429	0.0257143	67.1667	123.151	9	621	
7	8	2	33	12	4	98	4800	196	9600	0.00628571	0.0029282	0.00471429	0.0117143	48.9796	6.80419	48	96	
7	8	2	34	14	4	100	4800	200	9600	0.0128343	0.0030941	0.00471429	0.0187143	48	0	48	48	
7	8	3	35	73	4	37	4690	28	1714	0.00871429	0.00443889	0.00471429	0.0187143	61.2143	104.83	11	428	
7	8	3	36	74	4	93	4829	86	3576	0.00748173	0.00483535	0.00471429	0.0187143	41.5814	54.1906	6	364	
7	8	3	37	67	4	93	4800	24	1440	0.019881	0.00395262	0.0117143	0.0257143	60	21.2316	48	96	
7	8	2	38	18	4	100	4800	200	9600	0.0167543	0.00330348	0.00471429	0.0187143	48	0	48	48	
7	8	3	39	72	4	116	4836	124	4528	0.0105853	0.0050798	0.00471429	0.0187143	36.5161	15.4423	11	48	
7	8	2	40	8	4	14	4645	28	9290	0.00471429	0	0.00471429	0.00471429	331.786	209.451	48	808	
7	8	7	42	3	4	53	2544	108	5184	0.0052328	0.00184179	0.00471429	0.0117143	48	0	48	48	
7	8	8	43	1	4	100	4800	200	9600	0.0117143	0.00198487	0.00471429	0.0187143	48	0	48	48	
7	8	7	44	1	4	100	4800	200	9600	0.00590428	0.00263603	0.00471429	0.0117143	48	0	48	48	
7	8	10	45	3	4	100	4800	200	9600	0.00716429	0.00413679	0.00471429	0.0187143	48	0	48	48	
7	8	11	46	2	4	100	4800	200	9600	0.0112243	0.00204716	0.00471429	0.0187143	48	0	48	48	
7	8	12	47	1	4	78	5323	156	10646	0.00471429	0	0.00471429	0.00471429	68.2436	65.8148	24	277	
7	8	3	49	18	4	86	4800	20	1152	0.00611429	0.00430911	0.00471429	0.0187143	57.6	19.6988	48	96	
7	8	5	51	5	4	100	4800	200	9600	0.0143743	0.00368406	0.00471429	0.0187143	48	0	48	48	
7	8	3	52	71	4	77	4727	30	1928	0.016381	0.00424535	0.0117143	0.0257143	64.2667	49.1633	48	238	
7	8	3	53	70	4	104	4808	56	2212	0.0112143	0.00459644	0.00471429	0.0187143	39.5	13.6115	9	48	
7	8	3	54	79	4	36	1776	32	1536	0.0226518	0.00433245	0.0117143	0.0257143	48	0	48	48	
7	8	2	55	15	4	100	4800	198	9504	0.0105123	0.00435244	0.00471429	0.0187143	48	0	48	48	
7	8	2	56	13	4	71	4842	126	8152	0.00671429	0.0031749	0.00471429	0.0117143	64.6984	30.9604	48	191	
7	8	2	57	9	4	81	4703	160	8708	0.00471429	0	0.00471429	0.00471429	54.425	36.0624	48	277	
7	8	3	58	81	4	127	4872	248	9580	0.00482719	0.000883586	0.00471429	0.0117143	38.629	17.491	8	96	
7	8	3	59	83	4	96	4734	190	9504	0.00471429	0	0.00471429	0.00471429	50.0211	9.66528	48	96	
7	8	3	60	69	4	89	4798	16	768	0.0204643	0.00939149	0.00471429	0.0257143	48	0	48	48	
8	9	3	1	82	4	185	4958	362	9858	0.00645462	0.00311799	0.00471429	0.0187143	27.232	14.0884	3	51	
8	9	3	2	68	4	96	4800	148	7488	0.0097278	0.00725904	0.00471429	0.0257143	50.5946	10.8908	48	96	
8	9	3	3	85	4	119	4796	230	9208	0.00806211	0.00406936	0.00471429	0.0187143	40.0348	13.703	4	48	
8	9	3	4	43	4	93	4799	108	5376	0.0150847	0.00483096	0.00471429	0.0257143	49.7778	9.10718	48	96	
8	9	3	5	49	4	87	4796	90	5274	0.0064254	0.00368185	0.00471429	0.0187143	58.6	26.4935	48	143	
8	9	3	6	65	4	86	4797	64	3264	0.0149955	0.00528691	0.00471429	0.0257143	51	11.7108	48	96	
8	9	6	7	8	4	86	1991	164	3762	0.00488502	0.00154129	0.00471429	0.0187143	22.939	10.4539	11	48	
8	9	3	8	29	4	71	4843	50	3740	0.0111543	0.0074619	0.00471429	0.0257143	74.8	36.2835	48	191	
8	9	3	9	77	4	100	4800	88	4224	0.00916883	0.00638408	0.00471429	0.0257143	48	0	48	48	
8	9	3	10	78	4	100	4800	92	4416	0.0115621	0.00631053	0.00471429	0.0187143	48	0	48	48	
8	9	5	11	3	4	99	4895	194	9598	0.0118586	0.00461579	0.00471429	0.0257143	49.4742	14.4818	48	191	
8	9	3	12	86	4	78	3060	130	4776	0.0114989	0.008886	0.00471429	0.0257143	36.7385	18.4637	3	96	
8	9	3	13	31	4	100	4800	58	2784	0.0150936	0.00684369	0.00471429	0.0257143	48	0	48	48	
8	9	3	14	34	4	92	4800	112	5952	0.0124643	0.00759623	0.00471429	0.0257143	53.1429	14.9129	48	96	
8	9	3	15	59	4	95	4752	44	2304	0.0161688	0.00586457	0.00471429	0.0257143	52.3636	13.9586	48	96	
8	9	3	16	44	4	92	4751	98	5278	0.00585714	0.00328696	0.00471429	0.0187143	53.8571	23.0105	48	191	
8	9	3	17	75	4	92	4752	64	3552	0.0156518	0.00583333	0.00471429	0.0257143	55.5	17.5662	48	96	
8	9	5	18	9	4	100	4800	202	9696	0.0115757	0.00138958	0.00471429	0.0187143	48	0	48	48	
8	9	5	19	10	4	96	4799	184	9214	0.0135404	0.00308215	0.0117143	0.0187143	50.0761	12.0275	48	143	
8	9	4	21	1	4	100	4800	200	9600	0.00471429	0	0.00471429	0.00471429	48	0	48	48	
8	9	13	22	10	4	99	4752	186	8928	0.00802611	0.00365241	0.00471429	0.0187143	48	0	48	48	
8	9	3	23	46	4	90	4800	104	5760	0.0144066	0.00817892	0.00471429	0.0257143	55.3846	17.4023	48	96	
8	9	3	24	45	4	72	4793	72	4318	0.018131	0.0056037	0.00471429	0.0257143	59.9722	28.6371	48	191	
8	9	13	25	11	4	34	4326	24	3272	0.00879762	0.00682015	0.00471429	0.0257143	136.333	132.802	48	373	
8	9	3	26	66	4	78	4699	88	4894	0.0152143	0.00486366	0.0117143	0.0257143	55.6136	20.3388	48	143	
8	9	13	27	9	4	39	1874	80	3844	0.0106643	0.00251527	0.00471429	0.0117143	48.05	8.1036	13	85	
8	9	4	28	6	4	97	4800	194	9600	0.00471429	0	0.00471429	0.00471429	49.4845	8.33137	48	96	
8	9	5	29	11	4	49	4592	28	3248	0.00971428	0.00498888	0.00471429	0.0187143	116	92.7921	48	333	
8	9	3	30	80	4	68	4316	92	5848	0.0118665	0.00989831	0.00471429	0.0257143	63.5652	33.217	48	191	
8	9	2	31	17	4	94	4799	190	9694	0.00758797	0.00400857	0.00471429	0.0187143	51.0211	13.5592	48	143	
8	9	3	32	76	4	93	4560	128	6240	0.0149955	0.00411438	0.0117143	0.0257143	48.75	5.97633	48	96	
8	9	2	33	12	4	98	4800	196	9600	0.00492857	0.00120894	0.00471429	0.0117143	48.9796	6.80419	48	96	
8	9	10	34	6	4	72	4787	126	7854	0.0104921	0.00386759	0.00471429	0.0257143	62.3333	107.36	48	903	
8	9	11	35	7	4	51	4259	58	4138	0.0131626	0.00536778	0.00471429	0.0257143	71.3448	66.7035	48	391	
8	9	3	36	74	4	99	4800	146	7104	0.0141115	0.00840154	0.00471429	0.0257143	48.6575	5.59857	48	96	
8	9	3	37	67	4	89	4799	128	6912	0.00843303	0.00595381	0.00471429	0.0257143	54	15.9369	48	96	
8	9	2	38	18	4	100	4800	200	9600	0.0124143	0.00232746	0.00471429	0.0187143	48	0	48	48	
8	9	3	39	72	4	96	4752	146	7296	0.0108513	0.00734812	0.00471429	0.0257143	49.9726	9.56138	48	96	
8	9	1	40	14	4	77	5219	154	10438	0.00480519	0.000795113	0.00471429	0.0117143	67.7792	95.1121	48	645	
8	9	6	41	3	4	8	10699	14	21302	0.00671429	0.00328165	0.00471429	0.0117143	1521.57	976.715	48	2292	
8	9	7	42	3	4	68	7123	132	14054	0.00482035	0.000858345	0.00471429	0.0117143	106.47	59.432	48	173	
8	9	8	43	1	4	100	4800	200	9600	0.0126243	0.00291968	0.00471429	0.0187143	48	0	48	48	
8	9	7	44	1	4	100	4800	198	9504	0.00499711	0.00221229	0.00471429	0.0257143	48	0	48	48	
8	9	10	45	3	4	94	4800	188	9600	0.00665046	0.00330227	0.00471429	0.0187143	51.0638	25.412	18	277	
8	9	11	46	2	4	100	4800	200	9600	0.00520428	0.00179051	0.00471429	0.0117143	48	0	48	48	
8	9	12	47	1	4	100	4800	200	9600	0.00471429	0	0.00471429	0.00471429	48	0	48	48	
8	9	3	49	18	4	52	4593	24	1818	0.0157976	0.00682015	0.00471429	0.0257143	75.75	41.8468	48	143	
8	9	6	50	6	4	83	13803	162	27414	0.00747972	0.00501741	0.00471429	0.0257143	169.222	233.722	48	621	
8	9	5	51	5	4	99	4800	194	9408	0.0108483	0.00430599	0.00471429	0.0187143	48.4948	4.86102	48	96	
8	9	3	52	71	4	68	4744	76	4986	0.00710902	0.00631839	0.00471429	0.0257143	65.6053	33.803	48	191	
8	9	3	53	70	4	100	4800	150	7200	0.0111543	0.00971575	0.00471429	0.0257143	48	0	48	48	
8	9	3	54	79	4	99	4800	126	6144	0.0151587	0.00449276	0.0117143	0.0257143	48.7619	6.02319	48	96	
8	9	2	55	15	4	78	4795	124	6910	0.0136336	0.00337999	0.00471429	0.0187143	55.7258	19.6541	48	143	
8	9	3	56	84	4	44	1534	88	3068	0.00503247	0.00146645	0.00471429	0.0117143	34.8636	17.5599	10	48	
8	9	2	57	9	4	20	3539	40	7078	0.00471429	0	0.00471429	0.00471429	176.95	201.067	48	871	
8	9	3	58	81	4	219	5048	442	10164	0.00544279	0.0021399	0.00471429	0.0117143	22.9955	8.19518	4	65	
8	9	9	59	6	4	123	4913	238	8536	0.0050084	0.00140735	0.00471429	0.0117143	35.8655	57.2658	9	373	
8	9	3	60	69	4	90	4799	84	4320	0.0142143	0.00429766	0.00471429	0.0257143	51.4286	12.4361	48	96	
9	10	3	1	82	4	168	5064	324	9730	0.00514638	0.00168724	0.00471429	0.0117143	30.0309	12.7939	4	81	
9	10	3	2	68	4	98	4800	188	9216	0.0072462	0.00540291	0.00471429	0.0257143	49.0213	6.94513	48	96	
9	10	3	3	85	4	100	4800	196	9408	0.00792857	0.00472039	0.00471429	0.0187143	48	0	48	48	
9	10	3	4	43	4	86	4799	112	6238	0.0137143	0.00392268	0.0117143	0.0257143	55.6964	19.8353	48	143	
9	10	3	5	49	4	65	4791	114	7860	0.00766165	0.00371279	0.00471429	0.0187143	68.9474	44.844	48	286	
9	10	3	6	65	4	97	4800	184	9024	0.0136165	0.00427998	0.00471429	0.0187143	49.0435	7.01896	48	96	
9	10	6	7	8	4	5	240	12	576	0.00938095	0.00344656	0.00471429	0.0117143	48	0	48	48	
9	10	3	8	29	4	69	4794	86	5656	0.0131794	0.00752517	0.00471429	0.0257143	65.7674	37.3214	48	191	
9	10	3	9	77	4	98	4800	190	9216	0.00913534	0.00675901	0.00471429	0.0257143	48.5053	4.91165	48	96	
9	10	3	10	78	4	98	4752	180	8736	0.0124921	0.00743204	0.00471429	0.0257143	48.5333	5.04549	48	96	
9	10	5	11	3	4	59	2928	120	5952	0.00996428	0.00376907	0.00471429	0.0187143	49.6	8.65239	48	96	
9	10	3	12	86	4	95	4800	172	8736	0.0103306	0.00732562	0.00471429	0.0257143	50.7907	11.2651	48	96	
9	10	3	13	31	4	100	4800	98	4704	0.0177143	0.00348191	0.00471429	0.0257143	48	0	48	48	
9	10	3	14	34	4	98	4800	196	9600	0.0145	0.00748503	0.00471429	0.0257143	48.9796	6.80419	48	96	
9	10	3	15	59	4	99	4800	108	5280	0.0176772	0.00392435	0.00471429	0.0257143	48.8889	6.50138	48	96	
9	10	3	16	44	4	76	4793	136	8438	0.00790546	0.00473367	0.00471429	0.0187143	62.0441	30.7614	48	191	
9	10	3	17	75	4	83	4800	84	4896	0.0180476	0.0037039	0.0117143	0.0257143	58.2857	19.8139	48	96	
9	10	5	18	9	4	100	4800	200	9600	0.00695429	0.00327353	0.00471429	0.0117143	48	0	48	48	
9	10	5	19	10	4	100	4800	200	9600	0.0118543	0.00139648	0.00471429	0.0187143	48	0	48	48	
9	10	3	20	87	4	82	1970	162	3876	0.00626984	0.00480941	0.00471429	0.0257143	23.9259	11.2441	9	65	
9	10	4	21	1	4	100	4800	200	9600	0.00471429	0	0.00471429	0.00471429	48	0	48	48	
9	10	13	22	10	4	100	4816	200	9632	0.00485428	0.000982459	0.00471429	0.0117143	48.16	2.13946	33	53	
9	10	3	23	46	4	97	4800	190	9408	0.013188	0.00788118	0.00471429	0.0257143	49.5158	8.41624	48	96	
9	10	3	24	45	4	85	4606	128	6814	0.0140112	0.00681055	0.00471429	0.0257143	53.2344	20.9655	48	191	
9	10	13	25	11	4	100	4800	174	8352	0.0105878	0.00520072	0.00471429	0.0257143	48	0	48	48	
9	10	3	26	66	4	15	4866	4	478	0.0117143	0	0.0117143	0.0117143	119.5	82.5611	48	191	
9	10	4	28	6	4	97	4800	194	9600	0.00471429	0	0.00471429	0.00471429	49.4845	8.33137	48	96	
9	10	5	29	11	4	100	4800	198	9504	0.010583	0.00442798	0.00471429	0.0187143	48	0	48	48	
9	10	3	30	80	4	8	4180	12	6676	0.00471429	0	0.00471429	0.00471429	556.333	185.594	238	761	
9	10	2	31	17	4	97	4656	192	9216	0.00493303	0.00122113	0.00471429	0.0117143	48	0	48	48	
9	10	3	32	76	4	13	4861	0	0	0	0	0	0	0	0	0	0	
9	10	2	33	12	4	100	4800	200	9600	0.00471429	0	0.00471429	0.00471429	48	0	48	48	
9	10	10	34	6	4	100	4800	200	9600	0.00947429	0.00327353	0.00471429	0.0117143	48	0	48	48	
9	10	3	35	88	4	73	2606	142	5052	0.0111227	0.00621044	0.00471429	0.0187143	35.5775	15.9268	8	96	
9	10	3	36	74	4	96	4800	176	8832	0.0124302	0.00799278	0.00471429	0.0257143	50.1818	10.0269	48	96	
9	10	3	37	67	4	43	4326	74	5806	0.00566023	0.00240941	0.00471429	0.0117143	78.4595	68.9962	48	373	
9	10	2	38	18	4	46	4726	88	4224	0.0125097	0.00269166	0.00471429	0.0187143	48	0	48	48	
9	10	3	39	72	4	73	4794	102	6616	0.00718487	0.00554139	0.00471429	0.0257143	64.8627	35.2328	48	238	
9	10	1	40	14	4	100	4800	200	9600	0.00583429	0.00257268	0.00471429	0.0117143	48	0	48	48	
9	10	6	41	3	4	100	4800	200	9600	0.00506429	0.00152944	0.00471429	0.0117143	48	0	48	48	
9	10	7	42	3	4	100	4800	202	9696	0.00797171	0.00350026	0.00471429	0.0117143	48	0	48	48	
9	10	8	43	1	4	100	4800	200	9600	0.0105943	0.00257268	0.00471429	0.0117143	48	0	48	48	
9	10	7	44	1	4	100	4800	202	9696	0.00616973	0.0028478	0.00471429	0.0117143	48	0	48	48	
9	10	10	45	3	4	100	4800	200	9600	0.00639429	0.00299708	0.00471429	0.0117143	48	0	48	48	
9	10	11	46	2	4	100	4800	200	9600	0.00471429	0	0.00471429	0.00471429	48	0	48	48	
9	10	12	47	1	4	61	2928	122	5856	0.00471429	0	0.00471429	0.00471429	48	0	48	48	
9	10	3	49	18	4	38	4778	34	5156	0.00965546	0.006791	0.00471429	0.0187143	151.647	140.527	48	618	
9	10	6	50	6	4	87	4702	176	9404	0.0113961	0.00597814	0.00471429	0.0257143	53.4318	20.9483	48	191	
9	10	5	51	5	4	97	4800	190	9408	0.0112722	0.00378445	0.00471429	0.0187143	49.5158	8.41624	48	96	
9	10	3	52	71	4	91	4847	178	9502	0.00668058	0.00526034	0.00471429	0.0257143	53.382	19.6002	48	191	
9	10	3	53	70	4	100	4800	196	9408	0.00792857	0.0071011	0.00471429	0.0257143	48	0	48	48	
9	10	3	54	79	4	100	4800	154	7392	0.0143506	0.0049386	0.0117143	0.0257143	48	0	48	48	
9	10	3	55	89	4	115	4835	190	7080	0.00729323	0.0035354	0.00471429	0.0187143	37.2632	21.4955	4	143	
9	10	10	57	7	4	7	336	14	672	0.00471429	0	0.00471429	0.00471429	48	0	48	48	
9	10	3	58	81	4	172	5029	344	10058	0.00503987	0.00147628	0.00471429	0.0117143	29.2384	11.9823	3	65	
9	10	5	59	12	4	99	4752	198	9504	0.00591631	0.00264663	0.00471429	0.0117143	48	0	48	48	
9	10	3	60	69	4	100	4800	190	9120	0.0143669	0.00422081	0.00471429	0.0187143	48	0	48	48	
10	11	3	1	82	4	96	2412	194	4860	0.00471429	0	0.00471429	0.00471429	25.0515	7.60743	3	41	
10	11	3	2	68	4	100	4800	192	9216	0.00515178	0.00244227	0.00471429	0.0187143	48	0	48	48	
10	11	3	3	85	4	96	4799	184	9214	0.00821429	0.00658613	0.00471429	0.0257143	50.0761	15.6312	48	191	
10	11	3	4	43	4	100	4800	192	9216	0.00879762	0.00400959	0.00471429	0.0187143	48	0	48	48	
10	11	3	5	49	4	99	4800	188	9120	0.00769301	0.00651445	0.00471429	0.0257143	48.5106	4.93757	48	96	
10	11	3	6	65	4	100	4800	172	8256	0.00984219	0.0047185	0.00471429	0.0257143	48	0	48	48	
10	11	3	7	92	4	69	2594	138	5188	0.00603313	0.00274722	0.00471429	0.0117143	37.5942	15.6786	10	89	
10	11	3	8	29	4	67	4744	86	6706	0.00780731	0.00532614	0.00471429	0.0187143	77.9767	41.3669	48	191	
10	11	7	9	7	4	66	4658	132	9316	0.00630519	0.00437543	0.00471429	0.0257143	70.5758	105.033	48	749	
10	11	7	10	6	4	73	4020	144	7102	0.00500595	0.00140367	0.00471429	0.0117143	49.3194	11.1566	48	143	
10	11	5	11	3	4	21	6648	42	13296	0.00471429	0	0.00471429	0.00471429	316.571	140.986	45	453	
10	11	3	12	86	4	71	4841	126	8436	0.00549206	0.00333919	0.00471429	0.0257143	66.9524	33.6078	48	191	
10	11	3	13	31	4	100	4800	148	7104	0.01739	0.00377283	0.0117143	0.0257143	48	0	48	48	
10	11	3	14	34	4	100	4800	176	8448	0.0109188	0.00705433	0.00471429	0.0257143	48	0	48	48	
10	11	3	15	59	4	95	4800	144	7296	0.0173532	0.00399407	0.00471429	0.0257143	50.6667	11.0333	48	96	
10	11	3	16	44	4	100	4800	192	9216	0.00814137	0.00694442	0.00471429	0.0257143	48	0	48	48	
10	11	3	17	75	4	86	4799	112	6238	0.0172143	0.00434959	0.0117143	0.0257143	55.6964	19.8353	48	143	
10	11	5	18	9	4	100	4800	200	9600	0.00471429	0	0.00471429	0.00471429	48	0	48	48	
10	11	5	19	10	4	99	4800	198	9600	0.00824964	0.00364772	0.00471429	0.0187143	48.4848	4.81192	48	96	
10	11	9	20	7	4	139	2456	276	4816	0.00491718	0.00117649	0.00471429	0.0117143	17.4493	8.31915	9	48	
10	11	3	21	93	4	19	270	38	540	0.00471429	0	0.00471429	0.00471429	14.2105	4.43059	4	26	
10	11	4	22	12	4	81	4788	154	9190	0.00507792	0.00155852	0.00471429	0.0117143	59.6753	57.257	41	453	
10	11	3	23	46	4	88	4844	150	7772	0.0104076	0.00713433	0.00471429	0.0257143	51.8133	17.0146	48	143	
10	11	3	24	45	4	42	4876	70	6474	0.00651429	0.00389574	0.00471429	0.0187143	92.4857	75.9567	48	365	
10	11	13	25	11	4	100	4800	198	9504	0.00499711	0.00138183	0.00471429	0.0117143	48	0	48	48	
10	11	3	26	66	4	73	4795	110	7000	0.00827792	0.00376251	0.00471429	0.0187143	63.6364	28.9551	48	143	
10	11	4	28	6	4	59	4790	118	9580	0.00471429	0	0.00471429	0.00471429	81.1864	89.4157	48	437	
10	11	5	29	11	4	86	4798	154	8444	0.0100779	0.00318045	0.00471429	0.0187143	54.8312	25.2633	48	191	
10	11	1	30	15	4	75	5276	146	8958	0.00481018	0.000816458	0.00471429	0.0117143	61.3562	66.6731	48	469	
10	11	2	31	17	4	62	4932	122	9388	0.00494379	0.00125169	0.00471429	0.0117143	76.9508	79.7909	48	325	
10	11	3	32	76	4	75	4933	134	7862	0.00878891	0.00405345	0.00471429	0.0187143	58.6716	73.165	48	645	
10	11	2	33	12	4	11	4770	22	9540	0.00471429	0	0.00471429	0.00471429	433.636	230.494	48	645	
10	11	10	34	6	4	9	432	20	960	0.00611429	0.00287274	0.00471429	0.0117143	48	0	48	48	
10	11	3	35	88	4	91	4784	168	8896	0.00846429	0.00501704	0.00471429	0.0257143	52.9524	16.7224	32	143	
10	11	3	36	74	4	100	4800	184	8832	0.00600776	0.00462008	0.00471429	0.0257143	48	0	48	48	
10	11	11	37	8	4	46	5242	82	9332	0.00471429	0	0.00471429	0.00471429	113.805	111.807	48	469	
10	11	2	38	18	4	92	4845	176	9306	0.00757792	0.00361009	0.00471429	0.0187143	52.875	36.0009	48	381	
10	11	3	39	72	4	90	4845	170	9210	0.00537311	0.00316248	0.00471429	0.0257143	54.1765	25.1392	48	238	
10	11	1	40	14	4	100	4800	198	9504	0.00499711	0.00138183	0.00471429	0.0117143	48	0	48	48	
10	11	6	41	3	4	100	4800	200	9600	0.00471429	0	0.00471429	0.00471429	48	0	48	48	
10	11	7	42	3	4	100	4800	200	9600	0.00471429	0	0.00471429	0.00471429	48	0	48	48	
10	11	8	43	1	4	100	4800	202	9696	0.00665488	0.00314119	0.00471429	0.0117143	48	0	48	48	
10	11	7	44	1	4	100	4800	200	9600	0.00485429	0.000982459	0.00471429	0.0117143	48	0	48	48	
10	11	10	45	3	4	100	4800	200	9600	0.00471429	0	0.00471429	0.00471429	48	0	48	48	
10	11	11	46	2	4	100	4800	200	9600	0.00485429	0.00139648	0.00471429	0.0187143	48	0	48	48	
10	11	12	47	1	4	7	6612	12	13128	0.00938095	0.00344656	0.00471429	0.0117143	1094	776.962	36	1620	
10	11	13	48	1	4	26	7405	42	11792	0.00804762	0.00469907	0.00471429	0.0187143	280.762	56.9774	209	325	
10	11	4	49	13	4	51	4927	80	7178	0.00716429	0.00460572	0.00471429	0.0187143	89.725	57.8448	48	238	
10	11	3	50	90	4	73	4440	128	7832	0.0105112	0.00761304	0.00471429	0.0257143	61.1875	86.0218	11	549	
10	11	3	51	91	4	98	2805	196	5610	0.00628571	0.0029282	0.00471429	0.0117143	28.6224	18.9999	4	96	
10	11	3	52	71	4	100	4800	192	9216	0.0160164	0.00510234	0.00471429	0.0257143	48	0	48	48	
10	11	3	53	70	4	100	4800	194	9312	0.0170545	0.00531083	0.00471429	0.0257143	48	0	48	48	
10	11	3	54	79	4	57	4680	86	5270	0.0109003	0.00407723	0.00471429	0.0187143	61.2791	42.9091	48	238	
10	11	2	55	19	4	94	2466	186	4836	0.00478955	0.000723902	0.00471429	0.0117143	26	11.4552	3	53	
10	11	3	56	84	4	104	12937	164	22102	0.00753136	0.00500828	0.00471429	0.0257143	134.768	117.476	48	469	
10	11	10	57	7	4	1	48	2	96	0.00471429	0	0.00471429	0.00471429	48	0	48	48	
10	11	13	58	12	4	43	930	84	1764	0.00521428	0.0023771	0.00471429	0.0187143	21	12.4455	9	48	
10	11	5	59	12	4	97	4800	192	9408	0.0106935	0.00286148	0.00471429	0.0187143	49	6.87358	48	96	
10	11	3	60	69	4	100	4800	180	8640	0.00953651	0.00451831	0.00471429	0.0257143	48	0	48	48	
11	12	1	1	16	4	245	4143	486	8094	0.00482951	0.000891596	0.00471429	0.0117143	16.6543	7.63415	9	48	
11	12	3	2	68	4	98	4800	182	8832	0.00579121	0.0038829	0.00471429	0.0257143	48.5275	5.01785	48	96	
11	12	1	3	17	4	87	4753	66	3458	0.0127749	0.0077893	0.00471429	0.0257143	52.3939	20.2187	13	143	
11	12	3	4	43	4	100	4800	184	8832	0.0114099	0.00272105	0.00471429	0.0187143	48	0	48	48	
11	12	3	5	49	4	100	4800	46	2208	0.0208447	0.00325651	0.0187143	0.0257143	48	0	48	48	
11	12	1	6	18	4	85	4702	42	2398	0.0160476	0.00511653	0.00471429	0.0257143	57.0952	24.0891	48	143	
11	12	3	7	92	4	169	4938	338	9876	0.00487997	0.00106568	0.00471429	0.0117143	29.2189	11.4842	9	48	
11	12	1	8	19	4	52	4645	28	1844	0.0162143	0.00743117	0.00471429	0.0257143	65.8571	29.3052	48	143	
11	12	7	9	7	4	100	4800	196	9408	0.0117857	0.00324788	0.00471429	0.0257143	48	0	48	48	
11	12	7	10	6	4	100	4800	200	9600	0.00506429	0.00152944	0.00471429	0.0117143	48	0	48	48	
11	12	5	11	3	4	98	4800	196	9600	0.00471429	0	0.00471429	0.00471429	48.9796	6.80419	48	96	
11	12	3	12	86	4	89	4813	152	8092	0.00545113	0.00292225	0.00471429	0.0187143	53.2368	23.08	5	143	
11	12	3	13	31	4	100	4800	4	192	0.0187143	0	0.0187143	0.0187143	48	0	48	48	
11	12	3	14	34	4	84	4800	84	5472	0.017381	0.00937741	0.00471429	0.0257143	65.1429	23.1377	48	96	
11	12	5	15	14	4	92	4752	18	960	0.0078254	0.0059891	0.00471429	0.0187143	53.3333	15.5223	48	96	
11	12	5	16	15	4	99	4752	44	2112	0.0187143	0.00739579	0.00471429	0.0257143	48	0	48	48	
11	12	3	17	75	4	94	4848	10	864	0.0173143	0.00295146	0.0117143	0.0187143	86.4	20.2386	48	96	
11	12	5	18	9	4	91	4800	182	9600	0.00479121	0.00073177	0.00471429	0.0117143	52.7473	14.3689	48	96	
11	12	5	19	10	4	96	4800	192	9600	0.00573512	0.00247703	0.00471429	0.0117143	50	9.61674	48	96	
11	12	9	20	7	4	100	4800	202	9696	0.00727864	0.003381	0.00471429	0.0117143	48	0	48	48	
11	12	4	22	12	4	99	4800	192	9312	0.0115685	0.00202073	0.00471429	0.0257143	48.5	4.88614	48	96	
11	12	12	23	3	4	70	4557	40	2688	0.0155643	0.00852914	0.00471429	0.0257143	67.2	23.8147	48	96	
11	12	13	24	14	4	64	4837	60	3738	0.012881	0.00368307	0.00471429	0.0187143	62.3	39.4463	48	238	
11	12	13	25	11	4	46	4547	92	9094	0.00471429	0	0.00471429	0.00471429	98.8478	99.273	48	453	
11	12	13	26	13	4	77	4744	134	7004	0.00826652	0.00574203	0.00471429	0.0187143	52.2687	21.4361	48	191	
11	12	3	27	96	4	12	177	12	160	0.016381	0.00911875	0.00471429	0.0257143	13.3333	3.05505	11	19	
11	12	4	28	6	4	95	4799	190	9598	0.00471429	0	0.00471429	0.00471429	50.5158	12.739	48	143	
11	12	5	29	11	4	92	4800	162	8352	0.0078254	0.00348911	0.00471429	0.0117143	51.5556	12.6098	48	96	
11	12	1	30	15	4	100	4800	200	9600	0.00534428	0.0020083	0.00471429	0.0117143	48	0	48	48	
11	12	2	31	17	4	98	4800	196	9600	0.005	0.0013886	0.00471429	0.0117143	48.9796	6.80419	48	96	
11	12	3	32	76	4	100	4800	170	8160	0.0115496	0.00304152	0.00471429	0.0187143	48	0	48	48	
11	12	2	33	12	4	100	4800	200	9600	0.00471429	0	0.00471429	0.00471429	48	0	48	48	
11	12	3	34	94	4	77	3514	28	980	0.0122143	0.00828877	0.00471429	0.0257143	35	15.0407	11	48	
11	12	2	35	20	4	112	4927	214	9472	0.00517223	0.00173492	0.00471429	0.0117143	44.2617	17.8251	11	89	
11	12	3	36	74	4	92	4799	162	8352	0.00540564	0.00304273	0.00471429	0.0187143	51.5556	12.6098	48	96	
11	12	3	37	95	4	268	4160	534	8350	0.00495024	0.00164384	0.00471429	0.0187143	15.6367	7.13309	4	48	
11	12	2	38	18	4	100	4800	200	9600	0.0114343	0.00137516	0.00471429	0.0117143	48	0	48	48	
11	12	3	39	72	4	100	4800	182	8736	0.00525275	0.00259752	0.00471429	0.0187143	48	0	48	48	
11	12	1	40	14	4	100	4800	202	9696	0.00616973	0.0028478	0.00471429	0.0117143	48	0	48	48	
11	12	6	41	3	4	100	4800	194	9312	0.00536377	0.00364497	0.00471429	0.0257143	48	0	48	48	
11	12	7	42	3	4	100	4800	198	9504	0.00535065	0.00265611	0.00471429	0.0187143	48	0	48	48	
11	12	8	43	1	4	100	4800	196	9408	0.0114286	0.00198456	0.00471429	0.0187143	48	0	48	48	
11	12	7	44	1	4	100	4800	196	9408	0.0130714	0.00356694	0.00471429	0.0187143	48	0	48	48	
11	12	10	45	3	4	100	4800	200	9600	0.00471429	0	0.00471429	0.00471429	48	0	48	48	
11	12	11	46	2	4	100	4800	200	9600	0.00520429	0.00179051	0.00471429	0.0117143	48	0	48	48	
11	12	12	47	1	4	100	4800	200	9600	0.0101743	0.0069172	0.00471429	0.0257143	48	0	48	48	
11	12	13	48	1	4	111	8166	228	19158	0.00778446	0.00426174	0.00471429	0.0187143	84.0263	89.19	26	325	
11	12	4	49	13	4	100	4800	200	9600	0.00583428	0.00257268	0.00471429	0.0117143	48	0	48	48	
11	12	3	50	90	4	100	4800	26	1248	0.0144066	0.00818178	0.00471429	0.0257143	48	0	48	48	
11	12	5	51	13	4	51	1228	96	2316	0.00719345	0.00442476	0.00471429	0.0187143	24.125	15.7782	10	48	
11	12	3	52	71	4	100	4800	176	8448	0.0247597	0.00263128	0.0117143	0.0257143	48	0	48	48	
11	12	4	53	14	4	88	4749	150	7678	0.0244076	0.00392197	0.00471429	0.0257143	51.1867	14.2722	48	143	
11	12	13	54	15	4	32	4121	28	2754	0.00671429	0.00322031	0.00471429	0.0117143	98.3571	87.372	48	286	
11	12	2	55	19	4	100	4800	202	9696	0.0112984	0.00165879	0.00471429	0.0117143	48	0	48	48	
11	12	3	56	84	4	97	4800	46	2304	0.0205404	0.00786922	0.00471429	0.0257143	50.087	9.89686	48	96	
11	12	13	58	12	4	100	4800	144	6912	0.012006	0.00378232	0.00471429	0.0257143	48	0	48	48	
11	12	5	59	12	4	95	4799	190	9694	0.00471429	0	0.00471429	0.00471429	51.0211	13.5592	48	143	
11	12	3	60	69	4	99	4800	42	2016	0.018381	0.00344055	0.0117143	0.0257143	48	0	48	48	
12	13	1	1	16	4	100	4800	202	9696	0.00526874	0.00189514	0.00471429	0.0117143	48	0	48	48	
12	13	1	2	21	4	87	4797	110	6234	0.00687792	0.00399432	0.00471429	0.0187143	56.6727	27.5195	48	191	
12	13	1	3	17	4	99	4800	196	9504	0.00835714	0.00350604	0.00471429	0.0117143	48.4898	4.83628	48	96	
12	13	3	4	43	4	99	4800	118	5760	0.0145617	0.00368788	0.00471429	0.0187143	48.8136	6.22231	48	96	
12	13	1	5	23	4	80	4630	10	388	0.00891429	0.00590292	0.00471429	0.0187143	38.8	12.0444	22	48	
12	13	1	6	18	4	98	4800	196	9600	0.0116429	0.000705291	0.00471429	0.0117143	48.9796	6.80419	48	96	
12	13	1	7	22	4	96	4730	168	8202	0.00621428	0.00307783	0.00471429	0.0187143	48.8214	18.8554	9	143	
12	13	1	8	19	4	68	3551	132	6814	0.0118203	0.000858345	0.0117143	0.0187143	51.6212	15.169	48	143	
12	13	7	9	7	4	93	4751	174	8640	0.00600164	0.00345377	0.00471429	0.0257143	49.6552	8.78363	48	96	
12	13	1	10	20	4	88	4553	162	7822	0.00687478	0.00376468	0.00471429	0.0187143	48.284	1.59373	45	53	
12	13	5	11	3	4	100	4800	200	9600	0.00478429	0.000698239	0.00471429	0.0117143	48	0	48	48	
12	13	5	12	17	4	93	4752	102	5184	0.00773389	0.00467346	0.00471429	0.0187143	50.8235	11.3499	48	96	
12	13	3	13	31	4	99	4800	36	1728	0.0191032	0.00162617	0.0187143	0.0257143	48	0	48	48	
12	13	5	14	16	4	81	4700	100	5376	0.0132543	0.0102715	0.00471429	0.0257143	53.76	15.6767	48	96	
12	13	5	15	14	4	99	4800	194	9408	0.00659057	0.0031086	0.00471429	0.0117143	48.4948	4.86102	48	96	
12	13	5	16	15	4	100	4800	198	9504	0.00478499	0.000701739	0.00471429	0.0117143	48	0	48	48	
12	13	5	17	18	4	86	4704	34	2496	0.0162437	0.00541734	0.00471429	0.0187143	73.4118	24.3187	48	96	
12	13	5	18	9	4	73	4746	146	9492	0.00471429	0	0.00471429	0.00471429	65.0137	35.7086	48	238	
12	13	5	19	10	4	69	4792	112	8144	0.0112143	0.00224612	0.00471429	0.0187143	72.7143	41.3984	48	238	
12	13	9	20	7	4	100	4800	200	9600	0.00499429	0.00196492	0.00471429	0.0187143	48	0	48	48	
12	13	3	21	93	4	513	10640	1026	21280	0.00536926	0.00203957	0.00471429	0.0117143	20.7407	8.23088	6	53	
12	13	4	22	12	4	98	4800	196	9600	0.00957143	0.00323443	0.00471429	0.0117143	48.9796	6.80419	48	96	
12	13	13	24	14	4	100	4800	198	9504	0.0134113	0.00300745	0.0117143	0.0187143	48	0	48	48	
12	13	3	25	97	4	18	2133	20	1512	0.0110143	0.00987341	0.00471429	0.0257143	75.6	60.2787	12	153	
12	13	13	26	13	4	100	4800	180	8640	0.0171587	0.00327206	0.00471429	0.0187143	48	0	48	48	
12	13	4	28	6	4	94	4800	176	8928	0.00829383	0.00350908	0.00471429	0.0117143	50.7273	11.1435	48	96	
12	13	5	29	11	4	99	4800	196	9504	0.00678571	0.00320336	0.00471429	0.0117143	48.4898	4.83628	48	96	
12	13	1	30	15	4	100	4800	200	9600	0.00492429	0.00119711	0.00471429	0.0117143	48	0	48	48	
12	13	11	31	9	4	39	1920	78	3840	0.00471429	0	0.00471429	0.00471429	49.2308	7.63608	48	96	
12	13	3	32	76	4	97	4799	104	5088	0.0145412	0.00371677	0.00471429	0.0187143	48.9231	6.62401	48	96	
12	13	3	33	98	4	78	2968	156	5936	0.00650916	0.00427252	0.00471429	0.0187143	38.0513	15.2721	9	48	
12	13	3	34	94	4	100	4800	52	2496	0.0109066	0.0088385	0.00471429	0.0257143	48	0	48	48	
12	13	11	35	10	4	83	4555	152	8212	0.0084906	0.00618179	0.00471429	0.0257143	54.0263	19.2419	10	137	
12	13	10	36	8	4	70	4505	88	4896	0.00853247	0.00507993	0.00471429	0.0187143	55.6364	17.6571	48	96	
12	13	3	37	95	4	218	5056	436	10096	0.00574181	0.00248011	0.00471429	0.0117143	23.156	7.57634	4	48	
12	13	11	38	11	4	57	4165	104	5092	0.0110412	0.00207361	0.00471429	0.0117143	48.9615	5.37871	48	85	
12	13	3	39	72	4	97	4799	130	6240	0.00891429	0.00534456	0.00471429	0.0187143	48	0	48	48	
12	13	1	40	14	4	100	4800	200	9600	0.00548428	0.00219572	0.00471429	0.0117143	48	0	48	48	
12	13	6	41	3	4	100	4800	158	7584	0.0169421	0.010208	0.00471429	0.0257143	48	0	48	48	
12	13	7	42	3	4	100	4800	202	9696	0.0111598	0.0023541	0.00471429	0.0187143	48	0	48	48	
12	13	8	43	1	4	100	4800	196	9408	0.0173571	0.00466575	0.00471429	0.0257143	48	0	48	48	
12	13	7	44	1	4	100	4800	196	9408	0.0115	0.00544106	0.00471429	0.0257143	48	0	48	48	
12	13	10	45	3	4	100	4800	200	9600	0.00471429	0	0.00471429	0.00471429	48	0	48	48	
12	13	11	46	2	4	100	4800	200	9600	0.00828429	0.00350808	0.00471429	0.0117143	48	0	48	48	
12	13	12	47	1	4	100	4800	198	9504	0.00945166	0.00544765	0.00471429	0.0257143	48	0	48	48	
12	13	13	48	1	4	100	4800	200	9600	0.00968429	0.00751207	0.00471429	0.0257143	48	0	48	48	
12	13	4	49	13	4	100	4800	198	9504	0.00641125	0.00300745	0.00471429	0.0117143	48	0	48	48	
12	13	3	50	90	4	98	4800	40	1920	0.0131143	0.00283567	0.0117143	0.0187143	48	0	48	48	
12	13	5	51	13	4	99	4800	190	9216	0.0114932	0.00159483	0.00471429	0.0187143	48.5053	4.91165	48	96	
12	13	3	52	71	4	99	4800	86	4128	0.0255515	0.00106119	0.0187143	0.0257143	48	0	48	48	
12	13	4	53	14	4	100	4800	200	9600	0.0113643	0.00152944	0.00471429	0.0117143	48	0	48	48	
12	13	2	55	19	4	73	4793	138	9106	0.00522153	0.00182139	0.00471429	0.0117143	65.9855	49.5605	48	381	
12	13	3	56	84	4	113	4644	226	9288	0.0110948	0.00471842	0.00471429	0.0257143	41.0973	13.2215	9	75	
12	13	13	58	12	4	1	48	4	192	0.0187143	0	0.0187143	0.0187143	48	0	48	48	
12	13	5	59	12	4	98	4800	196	9600	0.00478571	0.000705291	0.00471429	0.0117143	48.9796	6.80419	48	96	
12	13	3	60	69	4	100	4800	12	576	0.0187143	0.00844232	0.00471429	0.0257143	48	0	48	48	
12	13	12	23	3	4	0	0	2	96	0.0117143	0	0.0117143	0.0117143	48	0	48	48	
13	14	1	1	16	4	99	4752	200	9600	0.00513428	0.00166658	0.00471429	0.0117143	48	0	48	48	
13	14	1	2	21	4	100	4800	200	9600	0.0103143	0.00280703	0.00471429	0.0117143	48	0	48	48	
13	14	1	3	17	4	95	4800	188	9504	0.00583131	0.00257032	0.00471429	0.0117143	50.5532	10.8007	48	96	
13	14	6	4	9	4	41	2112	18	960	0.0117143	0.00480196	0.00471429	0.0187143	53.3333	15.5223	48	96	
13	14	6	5	10	4	74	4746	116	7860	0.011835	0.00380424	0.00471429	0.0257143	67.7586	38.7466	48	238	
13	14	1	6	18	4	89	4799	172	9310	0.00870266	0.00347588	0.00471429	0.0117143	54.1279	17.6156	48	143	
13	14	1	7	22	4	100	4800	202	9696	0.0110905	0.00396214	0.00471429	0.0187143	48	0	48	48	
13	14	1	8	19	4	79	6028	138	7104	0.0114099	0.00326138	0.00471429	0.0187143	51.4783	12.4895	48	96	
13	14	3	9	99	4	17	1074	16	320	0.0195893	0.00564358	0.0117143	0.0257143	20	8.74833	4	30	
13	14	1	10	20	4	96	4800	184	9216	0.0111056	0.00266922	0.00471429	0.0187143	50.087	9.8154	48	96	
13	14	5	11	3	4	100	4800	200	9600	0.00492428	0.00119711	0.00471429	0.0117143	48	0	48	48	
13	14	5	12	17	4	67	4268	134	8536	0.00481876	0.000851965	0.00471429	0.0117143	63.7015	42.375	41	225	
13	14	3	13	31	4	100	4800	14	672	0.0107143	0.00718974	0.00471429	0.0187143	48	0	48	48	
13	14	5	14	16	4	100	4800	200	9600	0.00506428	0.00152944	0.00471429	0.0117143	48	0	48	48	
13	14	5	15	14	4	97	4800	188	9312	0.00970365	0.00391485	0.00471429	0.0187143	49.5319	8.45966	48	96	
13	14	5	16	15	4	99	4800	198	9504	0.00959307	0.00322513	0.00471429	0.0117143	48	0	48	48	
13	14	5	17	18	4	97	4800	194	9600	0.00507511	0.00155177	0.00471429	0.0117143	49.4845	8.33137	48	96	
13	14	5	18	9	4	80	4845	160	9690	0.00471429	0	0.00471429	0.00471429	60.5625	24.8289	48	143	
13	14	5	19	10	4	96	4799	186	9214	0.00847773	0.00379017	0.00471429	0.0187143	49.5376	10.9589	48	143	
13	14	9	20	7	4	95	4798	190	9596	0.00478797	0.000716282	0.00471429	0.0117143	50.5053	14.4595	48	143	
13	14	3	21	93	4	139	2780	278	5560	0.0053186	0.00196951	0.00471429	0.0117143	20	7.24905	4	41	
13	14	4	22	12	4	100	4800	200	9600	0.00625429	0.002907	0.00471429	0.0117143	48	0	48	48	
13	14	4	24	18	4	31	1991	48	3310	0.0184226	0.0062873	0.00471429	0.0257143	68.9583	59.9052	48	325	
13	14	13	26	13	4	37	1776	68	3264	0.0154202	0.00547193	0.00471429	0.0187143	48	0	48	48	
13	14	3	27	96	4	56	1382	112	2764	0.00483929	0.000931191	0.00471429	0.0117143	24.6786	5.01208	13	32	
13	14	4	28	6	4	36	4592	66	7146	0.00535065	0.00202778	0.00471429	0.0117143	108.273	88.9042	48	428	
13	14	5	29	11	4	100	4800	200	9600	0.0104543	0.00319742	0.00471429	0.0187143	48	0	48	48	
13	14	1	30	15	4	100	4800	200	9600	0.00905429	0.00340623	0.00471429	0.0117143	48	0	48	48	
13	14	3	31	102	4	18	270	22	314	0.0180779	0.00888308	0.00471429	0.0257143	14.2727	1.57908	11	15	
13	14	11	32	12	4	62	4334	106	5088	0.00907278	0.00686216	0.00471429	0.0257143	48	0	48	48	
13	14	3	33	98	4	101	4804	200	9512	0.00926428	0.00555896	0.00471429	0.0187143	47.56	3.13617	18	48	
13	14	3	34	94	4	87	4798	16	1056	0.0195893	0.00842912	0.00471429	0.0257143	66	24	48	96	
13	14	11	35	10	4	99	4839	180	8656	0.00689206	0.003414	0.00471429	0.0187143	48.0889	14.586	13	85	
13	14	11	36	13	4	49	4593	94	6808	0.00620365	0.00322539	0.00471429	0.0187143	72.4255	66.5289	48	428	
13	14	3	37	95	4	282	5184	564	10398	0.00521074	0.00179846	0.00471429	0.0117143	18.4362	7.36111	3	41	
13	14	3	38	100	4	15	547	8	388	0.0187143	0.00748331	0.0117143	0.0257143	48.5	30.9977	24	96	
13	14	2	39	22	4	32	4298	38	5636	0.00766165	0.00478142	0.00471429	0.0187143	148.316	159.594	48	437	
13	14	2	40	23	4	71	4694	140	9292	0.00491429	0.00117038	0.00471429	0.0117143	66.3714	45.8669	48	286	
13	14	6	41	3	4	100	4800	146	7008	0.0159335	0.0073292	0.00471429	0.0257143	48	0	48	48	
13	14	7	42	3	4	99	4752	200	9600	0.00947428	0.00342066	0.00471429	0.0187143	48	0	48	48	
13	14	8	43	1	4	100	4800	204	9792	0.0092437	0.00412778	0.00471429	0.0187143	48	0	48	48	
13	14	7	44	1	4	100	4800	156	7488	0.0142271	0.00502572	0.00471429	0.0257143	48	0	48	48	
13	14	10	45	3	4	85	4080	170	8160	0.00578487	0.00252696	0.00471429	0.0117143	48	0	48	48	
13	14	11	46	2	4	60	2880	122	5856	0.00494379	0.00125169	0.00471429	0.0117143	48	0	48	48	
13	14	12	47	1	4	100	4800	202	9696	0.00873409	0.0045624	0.00471429	0.0187143	48	0	48	48	
13	14	13	48	1	4	100	4800	202	9696	0.00540735	0.00209592	0.00471429	0.0117143	48	0	48	48	
13	14	4	49	13	4	100	4800	200	9600	0.00891428	0.00357827	0.00471429	0.0187143	48	0	48	48	
13	14	3	50	90	4	100	4800	18	864	0.0210476	0.006791	0.00471429	0.0257143	48	0	48	48	
13	14	5	51	13	4	97	4800	188	9312	0.0103739	0.00276167	0.00471429	0.0117143	49.5319	8.45966	48	96	
13	14	3	52	71	4	100	4800	28	1344	0.0177143	0.00367171	0.0117143	0.0257143	48	0	48	48	
13	14	4	53	14	4	74	4598	142	6816	0.0115171	0.00485716	0.00471429	0.0257143	48	0	48	48	
13	14	4	54	15	4	60	3452	120	6904	0.00518095	0.00175343	0.00471429	0.0117143	57.5333	49.9012	48	428	
13	14	3	55	101	4	60	3280	122	6656	0.00494379	0.00125169	0.00471429	0.0117143	54.5574	32.0849	8	143	
13	14	3	56	84	4	120	3935	240	7870	0.00628928	0.00292919	0.00471429	0.0117143	32.7917	15.14	4	87	
13	14	4	58	16	4	12	3445	20	4702	0.00471429	0	0.00471429	0.00471429	235.1	137.064	87	549	
13	14	5	59	12	4	62	4389	120	7404	0.00471429	0	0.00471429	0.00471429	61.7	43.4056	48	286	
13	14	3	60	69	4	100	4800	16	768	0.0204643	0.00478191	0.0117143	0.0257143	48	0	48	48	
