% time	cellId	IMSI	RNTI	sinrLinear	componentCarrierId
0.273	3	40	33	4398.72	0
0.274	3	14	34	4412.93	0
0.275	3	53	35	4399.57	0
0.279	3	1	39	4412.93	0
0.321	1	2	1	14.0868	0
0.321	6	4	1	0.0916648	0
0.321	5	19	1	7.56712	0
0.321	9	20	1	0.0881287	0
0.321	4	21	1	9.44666	0
0.321	2	35	1	1.68871	0
0.321	10	36	1	0.0810976	0
0.321	8	43	1	0.144516	0
0.321	7	44	1	0.160796	0
0.321	12	47	1	0.502508	0
0.321	13	48	1	0.105525	0
0.321	3	55	1	0.305026	0
0.321	11	57	1	0.0329468	0
0.322	1	5	2	7.38335	0
0.322	6	6	2	0.00987628	0
0.322	8	17	2	0.023029	0
0.322	5	18	2	4.17438	0
0.322	13	22	2	0.0074259	0
0.322	3	27	2	0.321378	0
0.322	4	29	2	0.0243226	0
0.322	2	37	2	8.48895	0
0.322	10	38	2	0.138141	0
0.322	11	46	2	0.162718	0
0.322	7	50	2	0.322527	0
0.323	3	7	3	0.522608	0
0.323	5	11	3	11.2516	0
0.323	8	16	3	0.215704	0
0.323	4	24	3	19.0859	0
0.323	2	39	3	10.0174	0
0.323	6	41	3	0.10296	0
0.323	7	42	3	1.38119	0
0.323	10	45	3	0.401798	0
0.324	5	12	4	60.9289	0
0.324	4	30	4	23.2585	0
0.324	3	34	4	2.38206	0
0.325	3	10	5	1.20155	0
0.325	4	23	5	9.7478	0
0.325	5	51	5	29.6817	0
0.326	3	59	6	4408.01	0
0.327	3	54	7	4413.93	0
0.328	3	15	8	4412.93	0
0.337	3	60	17	4412.93	0
0.338	3	49	18	4412.93	0
0.339	3	9	19	4412.93	0
0.34	3	3	20	4419.6	0
0.341	3	56	21	4396.23	0
0.342	3	32	22	4416.24	0
0.343	3	26	23	4400.92	0
0.344	3	31	24	4409.93	0
0.348	3	28	28	4412.93	0
0.349	3	8	29	4417.96	0
0.35	3	58	30	4418.7	0
0.351	3	13	31	4412.93	0
0.352	3	52	32	4404.89	0
0.353	3	40	33	4398.86	0
0.354	3	14	34	4412.93	0
0.355	3	53	35	4399.97	0
0.357	3	25	37	4401.54	0
0.358	3	33	38	4404.6	0
0.359	3	1	39	4412.93	0
0.401	1	2	1	14.4274	0
0.401	6	4	1	0.0849426	0
0.401	5	19	1	8.45219	0
0.401	9	20	1	0.0939307	0
0.401	4	21	1	9.28212	0
0.401	2	35	1	2.09401	0
0.401	10	36	1	0.0915639	0
0.401	8	43	1	0.123798	0
0.401	7	44	1	0.170522	0
0.401	12	47	1	0.518361	0
0.401	13	48	1	0.11723	0
0.401	3	55	1	0.280703	0
0.401	11	57	1	0.0459452	0
0.402	1	5	2	9.9603	0
0.402	6	6	2	0.0117041	0
0.402	8	17	2	0.0211769	0
0.402	5	18	2	3.82923	0
0.402	13	22	2	0.00672212	0
0.402	3	27	2	0.320416	0
0.402	4	29	2	0.0518091	0
0.402	2	37	2	8.58067	0
0.402	10	38	2	0.15025	0
0.402	11	46	2	0.124684	0
0.402	7	50	2	0.324156	0
0.403	3	7	3	0.417269	0
0.403	5	11	3	9.54679	0
0.403	8	16	3	0.213212	0
0.403	4	24	3	19.1553	0
0.403	2	39	3	10.0333	0
0.403	6	41	3	0.102794	0
0.403	7	42	3	1.36948	0
0.403	10	45	3	0.385903	0
0.404	5	12	4	61.3738	0
0.404	4	30	4	22.7397	0
0.404	3	34	4	2.38219	0
0.405	3	10	5	1.38248	0
0.405	4	23	5	9.81056	0
0.405	5	51	5	29.3303	0
0.406	3	59	6	4407.97	0
0.407	3	54	7	4413.3	0
0.408	3	15	8	4412.93	0
0.417	3	60	17	4412.93	0
0.418	3	49	18	4412.93	0
0.419	3	9	19	4412.93	0
0.42	3	3	20	4419.53	0
0.421	3	56	21	4396.83	0
0.422	3	32	22	4416.09	0
0.423	3	26	23	4401.12	0
0.424	3	31	24	4409.86	0
0.428	3	28	28	4412.93	0
0.429	3	8	29	4417.99	0
0.43	3	58	30	4418.47	0
0.431	3	13	31	4412.93	0
0.432	3	52	32	4404.93	0
0.433	3	40	33	4399.04	0
0.434	3	14	34	4412.93	0
0.435	3	53	35	4400.35	0
0.437	3	25	37	4401.78	0
0.438	3	33	38	4404.7	0
0.439	3	1	39	4412.93	0
0.481	1	2	1	12.5756	0
0.481	6	4	1	0.0784147	0
0.481	5	19	1	0.852151	0
0.481	9	20	1	0.0780802	0
0.481	4	21	1	7.62759	0
0.481	2	35	1	2.3234	0
0.481	10	36	1	0.0940723	0
0.481	8	43	1	0.0772237	0
0.481	7	44	1	0.179478	0
0.481	12	47	1	0.513297	0
0.481	13	48	1	0.11741	0
0.481	3	55	1	0.205896	0
0.481	11	57	1	0.0578488	0
0.482	1	5	2	10.6163	0
0.482	6	6	2	0.0118121	0
0.482	8	17	2	0.0196217	0
0.482	5	18	2	4.20326	0
0.482	13	22	2	0.0078622	0
0.482	3	27	2	0.376996	0
0.482	4	29	2	0.343124	0
0.482	2	37	2	8.81793	0
0.482	10	38	2	0.160208	0
0.482	11	46	2	0.0944815	0
0.482	7	50	2	0.329932	0
0.483	3	7	3	0.321786	0
0.483	5	11	3	44.6789	0
0.483	8	16	3	0.204322	0
0.483	4	24	3	19.2487	0
0.483	2	39	3	9.95783	0
0.483	6	41	3	0.102598	0
0.483	7	42	3	1.35483	0
0.483	10	45	3	0.375609	0
0.484	5	12	4	61.2939	0
0.484	4	30	4	22.2244	0
0.484	3	34	4	2.38231	0
0.485	3	10	5	1.5421	0
0.485	4	23	5	9.84532	0
0.485	5	51	5	28.3481	0
0.486	3	59	6	4407.93	0
0.487	3	54	7	4412.67	0
0.488	3	15	8	4412.93	0
0.497	3	60	17	4412.93	0
0.498	3	49	18	4412.93	0
0.499	3	9	19	4412.93	0
0.5	3	3	20	4419.45	0
0.501	3	56	21	4397.39	0
0.502	3	32	22	4415.93	0
0.503	3	26	23	4401.32	0
0.504	3	31	24	4409.79	0
0.508	3	28	28	4412.93	0
0.509	3	8	29	4418.02	0
0.51	3	58	30	4418.22	0
0.511	3	13	31	4412.93	0
0.512	3	52	32	4404.99	0
0.513	3	40	33	4350.85	0
0.514	3	14	34	4412.93	0
0.515	3	53	35	4400.71	0
0.517	3	25	37	4402.01	0
0.518	3	33	38	4404.8	0
0.519	3	1	39	4412.93	0
0.561	1	2	1	12.3807	0
0.561	6	4	1	0.0725947	0
0.561	5	19	1	0.892385	0
0.561	9	20	1	0.0841093	0
0.561	4	21	1	7.64231	0
0.561	2	35	1	2.41506	0
0.561	10	36	1	0.0944174	0
0.561	8	43	1	0.0765134	0
0.561	7	44	1	0.188328	0
0.561	12	47	1	0.513322	0
0.561	13	48	1	0.117445	0
0.561	3	55	1	0.197889	0
0.561	11	57	1	0.0613103	0
0.562	1	5	2	10.0761	0
0.562	6	6	2	0.0118089	0
0.562	8	17	2	0.0182704	0
0.562	5	18	2	3.70326	0
0.562	13	22	2	0.00765463	0
0.562	3	27	2	0.353518	0
0.562	4	29	2	0.300745	0
0.562	2	37	2	8.41172	0
0.562	10	38	2	0.188558	0
0.562	11	46	2	0.0712499	0
0.562	7	50	2	0.328216	0
0.563	3	7	3	0.243856	0
0.563	5	11	3	29.6882	0
0.563	8	16	3	0.195459	0
0.563	4	24	3	19.155	0
0.563	2	39	3	9.92204	0
0.563	6	41	3	0.102375	0
0.563	7	42	3	1.33782	0
0.563	10	45	3	0.369873	0
0.564	5	12	4	58.0361	0
0.564	4	30	4	21.7139	0
0.564	3	34	4	2.38243	0
0.565	3	10	5	1.67288	0
0.565	4	23	5	9.8974	0
0.565	5	51	5	27.7519	0
0.566	3	59	6	4407.89	0
0.567	3	54	7	4412.04	0
0.568	3	15	8	4412.93	0
0.577	3	60	17	4412.93	0
0.578	3	49	18	4412.93	0
0.579	3	9	19	4412.93	0
0.58	3	3	20	4412.93	0
0.581	3	56	21	4133.54	0
0.582	3	32	22	4412.93	0
0.583	3	26	23	4401.53	0
0.584	3	31	24	4409.73	0
0.588	3	28	28	4412.93	0
0.589	3	8	29	4412.93	0
0.59	3	58	30	4412.93	0
0.591	3	13	31	4412.93	0
0.592	3	52	32	4412.93	0
0.593	3	40	33	3828.29	0
0.594	3	14	34	4412.93	0
0.595	3	53	35	4401.05	0
0.597	3	25	37	4412.93	0
0.598	3	33	38	4404.91	0
0.599	3	1	39	4412.93	0
0.641	1	2	1	12.1192	0
0.641	6	4	1	0.0672597	0
0.641	5	19	1	0.880315	0
0.641	9	20	1	0.0840919	0
0.641	4	21	1	7.58352	0
0.641	2	35	1	2.38849	0
0.641	10	36	1	0.0940326	0
0.641	8	43	1	0.0765054	0
0.641	7	44	1	0.196744	0
0.641	12	47	1	0.513154	0
0.641	13	48	1	0.117429	0
0.641	3	55	1	0.193148	0
0.641	11	57	1	0.0612626	0
0.642	1	5	2	8.98596	0
0.642	6	6	2	0.0118054	0
0.642	8	17	2	0.0171364	0
0.642	5	18	2	3.26814	0
0.642	13	22	2	0.00783923	0
0.642	3	27	2	0.331117	0
0.642	4	29	2	0.300601	0
0.642	2	37	2	8.05675	0
0.642	10	38	2	0.219158	0
0.642	11	46	2	0.0542669	0
0.642	7	50	2	0.327756	0
0.643	3	7	3	0.200134	0
0.643	5	11	3	40.7191	0
0.643	8	16	3	0.189406	0
0.643	4	24	3	18.4437	0
0.643	2	39	3	9.26112	0
0.643	6	41	3	0.10226	0
0.643	7	42	3	1.32766	0
0.643	10	45	3	0.39054	0
0.644	5	12	4	60.2204	0
0.644	4	30	4	21.2092	0
0.644	3	34	4	2.38254	0
0.645	3	10	5	1.67288	0
0.645	4	23	5	9.8974	0
0.645	5	51	5	27.7519	0
0.646	3	59	6	4407.87	0
0.647	3	54	7	4411.41	0
0.648	3	15	8	4412.93	0
0.657	3	60	17	4412.93	0
0.658	3	49	18	4412.93	0
0.659	3	9	19	4412.93	0
0.66	3	3	20	4412.93	0
0.661	3	56	21	3596.97	0
0.662	3	32	22	4412.93	0
0.663	3	26	23	4412.93	0
0.664	3	31	24	4409.67	0
0.668	3	28	28	4412.93	0
0.669	3	8	29	4412.93	0
0.67	3	58	30	4412.93	0
0.671	3	13	31	4412.93	0
0.672	3	52	32	4412.93	0
0.673	3	40	33	3375.51	0
0.674	3	14	34	4412.93	0
0.675	3	53	35	4412.93	0
0.677	3	25	37	4412.93	0
0.678	3	33	38	4405.01	0
0.679	3	1	39	4412.93	0
0.721	1	2	1	11.8795	0
0.721	6	4	1	0.0624026	0
0.721	5	19	1	0.867295	0
0.721	9	20	1	0.0840733	0
0.721	4	21	1	7.52234	0
0.721	2	35	1	2.36092	0
0.721	10	36	1	0.0935896	0
0.721	8	43	1	0.0764965	0
0.721	7	44	1	0.204716	0
0.721	12	47	1	0.512967	0
0.721	13	48	1	0.117412	0
0.721	3	55	1	0.188252	0
0.721	11	57	1	0.0612173	0
0.722	1	5	2	12.4062	0
0.722	6	6	2	0.011811	0
0.722	8	17	2	0.0162774	0
0.722	5	18	2	6.64196	0
0.722	13	22	2	0.0156014	0
0.722	3	27	2	0.586056	0
0.722	2	37	2	9.49945	0
0.722	10	38	2	0.253425	0
0.722	11	46	2	0.0426645	0
0.722	7	50	2	0.344972	0
0.723	3	7	3	0.200134	0
0.723	5	11	3	40.7191	0
0.723	8	16	3	0.189406	0
0.723	4	24	3	18.4437	0
0.723	2	39	3	9.26112	0
0.723	6	41	3	0.10226	0
0.723	7	42	3	1.32766	0
0.723	10	45	3	0.39054	0
0.724	5	12	4	58.9886	0
0.724	4	30	4	20.7112	0
0.724	3	34	4	2.38265	0
0.725	3	10	5	1.67288	0
0.725	4	23	5	9.8974	0
0.725	5	51	5	27.7519	0
0.726	3	59	6	4407.84	0
0.727	3	54	7	4410.8	0
0.728	3	15	8	4412.93	0
0.737	3	60	17	4412.93	0
0.738	3	49	18	4412.93	0
0.739	3	9	19	4412.93	0
0.74	3	3	20	4412.93	0
0.741	3	56	21	3144.13	0
0.742	3	32	22	4412.93	0
0.743	3	26	23	4412.93	0
0.744	3	31	24	4409.61	0
0.748	3	28	28	4412.93	0
0.749	3	8	29	4412.93	0
0.75	3	58	30	4412.93	0
0.751	3	13	31	4412.93	0
0.752	3	52	32	4412.93	0
0.753	3	40	33	2982.78	0
0.754	3	14	34	4412.93	0
0.755	3	53	35	4412.93	0
0.757	3	25	37	4412.93	0
0.758	3	33	38	4405.11	0
0.759	3	1	39	4412.93	0
0.76	3	29	40	4408.49	0
0.801	1	2	1	11.7153	0
0.801	6	4	1	0.0582381	0
0.801	5	19	1	0.854261	0
0.801	9	20	1	0.0840538	0
0.801	4	21	1	7.4611	0
0.801	2	35	1	2.32974	0
0.801	10	36	1	0.0931215	0
0.801	8	43	1	0.0764869	0
0.801	7	44	1	0.212248	0
0.801	12	47	1	0.512779	0
0.801	13	48	1	0.117395	0
0.801	3	55	1	0.183305	0
0.801	11	57	1	0.0611746	0
0.802	1	5	2	11.5332	0
0.802	6	6	2	0.0118059	0
0.802	8	17	2	0.0155141	0
0.802	5	18	2	6.17089	0
0.802	13	22	2	0.0155984	0
0.802	3	27	2	0.548616	0
0.802	2	37	2	9.18946	0
0.802	10	38	2	0.285097	0
0.802	11	46	2	0.0354154	0
0.802	7	50	2	0.344578	0
0.803	3	7	3	0.200134	0
0.803	5	11	3	40.7191	0
0.803	8	16	3	0.189406	0
0.803	4	24	3	18.4437	0
0.803	2	39	3	9.26112	0
0.803	6	41	3	0.10226	0
0.803	7	42	3	1.32766	0
0.803	10	45	3	0.39054	0
0.804	5	12	4	56.0804	0
0.804	4	30	4	20.2209	0
0.804	3	34	4	2.38275	0
0.805	3	10	5	1.67288	0
0.805	4	23	5	9.8974	0
0.805	5	51	5	27.7519	0
0.806	3	59	6	4407.82	0
0.807	3	54	7	4410.21	0
0.808	3	15	8	4412.93	0
0.817	3	60	17	4412.93	0
0.818	3	49	18	4412.93	0
0.819	3	9	19	4412.93	0
0.82	3	3	20	4412.93	0
0.821	3	56	21	2843.66	0
0.822	3	32	22	4412.93	0
0.823	3	26	23	4412.93	0
0.824	3	31	24	4409.55	0
0.828	3	28	28	4412.93	0
0.829	3	8	29	4412.93	0
0.83	3	58	30	4412.93	0
0.831	3	13	31	4412.93	0
0.832	3	52	32	4412.93	0
0.833	3	40	33	2641.64	0
0.834	3	14	34	4412.93	0
0.835	3	53	35	4412.93	0
0.837	3	25	37	4412.93	0
0.838	3	33	38	4405.21	0
0.839	3	1	39	4412.93	0
0.84	3	29	40	4407.88	0
0.881	1	2	1	11.7127	0
0.881	6	4	1	0.0542308	0
0.881	5	19	1	0.840834	0
0.881	9	20	1	0.0840344	0
0.881	4	21	1	7.40346	0
0.881	2	35	1	2.27052	0
0.881	10	36	1	0.0927009	0
0.881	8	43	1	0.076477	0
0.881	7	44	1	0.21936	0
0.881	12	47	1	0.512618	0
0.881	13	48	1	0.117378	0
0.881	3	55	1	0.17846	0
0.881	11	57	1	0.0611361	0
0.882	1	5	2	8.81316	0
0.882	6	6	2	0.0117865	0
0.882	8	17	2	0.0147719	0
0.882	5	18	2	4.2074	0
0.882	13	22	2	0.015589	0
0.882	3	27	2	0.385045	0
0.882	2	37	2	0.616444	0
0.882	10	38	2	0.194675	0
0.882	11	46	2	0.0185541	0
0.882	7	50	2	0.339835	0
0.883	3	7	3	0.200134	0
0.883	5	11	3	40.7191	0
0.883	8	16	3	0.189406	0
0.883	4	24	3	18.4437	0
0.883	2	39	3	9.26112	0
0.883	6	41	3	0.10226	0
0.883	7	42	3	1.32766	0
0.883	10	45	3	0.39054	0
0.884	5	12	4	55.3274	0
0.884	4	30	4	20.1588	0
0.884	3	34	4	2.26551	0
0.885	3	10	5	1.67288	0
0.885	4	23	5	9.8974	0
0.885	5	51	5	27.7519	0
0.886	3	59	6	4407.81	0
0.887	3	54	7	4409.64	0
0.888	3	15	8	4412.93	0
0.897	3	60	17	4412.93	0
0.898	3	49	18	4412.93	0
0.899	3	9	19	4412.93	0
0.9	3	3	20	4412.93	0
0.901	3	56	21	2843.66	0
0.902	3	32	22	4412.93	0
0.903	3	26	23	4412.93	0
0.904	3	31	24	4409.5	0
0.908	3	28	28	4412.93	0
0.909	3	8	29	4412.93	0
0.91	3	58	30	4412.93	0
0.911	3	13	31	4412.93	0
0.912	3	52	32	4412.93	0
0.913	3	40	33	2344.86	0
0.914	3	14	34	4412.93	0
0.915	3	53	35	4412.93	0
0.917	3	25	37	4412.93	0
0.918	3	33	38	4412.93	0
0.919	3	1	39	4412.93	0
0.92	3	29	40	4407.32	0
0.961	1	2	1	17.7647	0
0.961	6	4	1	0.0508522	0
0.961	9	20	1	2.89562	0
0.961	4	21	1	15.299	0
0.961	2	35	1	3.00753	0
0.961	10	36	1	0.0941188	0
0.961	8	43	1	3.48574	0
0.961	7	44	1	0.227555	0
0.961	12	47	1	0.52725	0
0.961	13	48	1	0.119586	0
0.961	3	55	1	0.361548	0
0.961	11	57	1	0.0647319	0
0.962	1	5	2	8.52521	0
0.962	6	6	2	0.0117817	0
0.962	8	17	2	0.0143027	0
0.962	5	18	2	3.99171	0
0.962	13	22	2	0.0156353	0
0.962	3	27	2	0.379731	0
0.962	2	37	2	1.4914	0
0.962	10	38	2	0.233444	0
0.962	11	46	2	0.0197918	0
0.962	7	50	2	0.34011	0
0.963	3	7	3	0.181886	0
0.963	5	11	3	5.68837	0
0.963	8	16	3	0.154109	0
0.963	4	24	3	14.1632	0
0.963	2	39	3	0.300273	0
0.963	11	40	3	4.32391	0
0.963	6	41	3	0.101823	0
0.963	7	42	3	1.29642	0
0.963	10	45	3	0.306648	0
0.964	5	12	4	54.8438	0
0.964	4	30	4	20.1709	0
0.964	3	34	4	2.25572	0
0.965	3	10	5	1.67288	0
0.965	4	23	5	9.8974	0
0.965	5	51	5	27.7519	0
0.966	3	59	6	4407.8	0
0.967	3	54	7	4409.1	0
0.968	3	15	8	4412.93	0
0.977	3	60	17	4412.93	0
0.978	3	49	18	4412.93	0
0.979	3	9	19	4412.93	0
0.98	3	3	20	4412.93	0
0.981	3	56	21	2843.66	0
0.982	3	32	22	4412.93	0
0.983	3	26	23	4412.93	0
0.984	3	31	24	4409.45	0
0.988	3	28	28	4412.93	0
0.989	3	8	29	4412.93	0
0.99	3	58	30	4412.93	0
0.991	3	13	31	4412.93	0
0.992	3	52	32	4412.93	0
0.994	3	14	34	4412.93	0
0.995	3	53	35	4412.93	0
0.997	3	25	37	4412.93	0
0.998	3	33	38	4412.93	0
0.999	3	1	39	4412.93	0
1	3	29	40	4406.8	0
